 m =   0.800000011920929      # colunas:           32 # colunas:           32 
 K =    1.65962363878352      KKp =    2.25720541671800     
 Matriz x, linhas--> u, colunas--> v
    0.97779998    0.97779998    0.97779998    0.97779998    0.97779998    0.97779998    0.97779998    0.97779998    0.97779998    0.97779998    0.97779998    0.97779998    0.97779998    0.97779998    0.97779998    0.97779998    0.97779998    0.97779998    0.97779998    0.97779998    0.97779998    0.97779998    0.97779998    0.97779998    0.97779998    0.97779998    0.97779998    0.97779998    0.97779998    0.97779998    0.97779998    0.97779998

    0.97588288    0.97588288    0.97588288    0.97588288    0.97588288    0.97588288    0.97588288    0.97588288    0.97588288    0.97588288    0.97588288    0.97588288    0.97588288    0.97588288    0.97588288    0.97588288    0.97588288    0.97588288    0.97588288    0.97588288    0.97588288    0.97588288    0.97588288    0.97588288    0.97588288    0.97588288    0.97588288    0.97588288    0.97588288    0.97588288    0.97588288    0.97588288

    0.97017102    0.97017102    0.97017102    0.97017102    0.97017102    0.97017102    0.97017102    0.97017102    0.97017102    0.97017102    0.97017102    0.97017102    0.97017102    0.97017102    0.97017102    0.97017102    0.97017102    0.97017102    0.97017102    0.97017102    0.97017102    0.97017102    0.97017102    0.97017102    0.97017102    0.97017102    0.97017102    0.97017102    0.97017102    0.97017102    0.97017102    0.97017102

    0.96078052    0.96078052    0.96078052    0.96078052    0.96078052    0.96078052    0.96078052    0.96078052    0.96078052    0.96078052    0.96078052    0.96078052    0.96078052    0.96078052    0.96078052    0.96078052    0.96078052    0.96078052    0.96078052    0.96078052    0.96078052    0.96078052    0.96078052    0.96078052    0.96078052    0.96078052    0.96078052    0.96078052    0.96078052    0.96078052    0.96078052    0.96078052

    0.94789779    0.94789779    0.94789779    0.94789779    0.94789779    0.94789779    0.94789779    0.94789779    0.94789779    0.94789779    0.94789779    0.94789779    0.94789779    0.94789779    0.94789779    0.94789779    0.94789779    0.94789779    0.94789779    0.94789779    0.94789779    0.94789779    0.94789779    0.94789779    0.94789779    0.94789779    0.94789779    0.94789779    0.94789779    0.94789779    0.94789779    0.94789779

    0.93176963    0.93176963    0.93176963    0.93176963    0.93176963    0.93176963    0.93176963    0.93176963    0.93176963    0.93176963    0.93176963    0.93176963    0.93176963    0.93176963    0.93176963    0.93176963    0.93176963    0.93176963    0.93176963    0.93176963    0.93176963    0.93176963    0.93176963    0.93176963    0.93176963    0.93176963    0.93176963    0.93176963    0.93176963    0.93176963    0.93176963    0.93176963

    0.91269074    0.91269074    0.91269074    0.91269074    0.91269074    0.91269074    0.91269074    0.91269074    0.91269074    0.91269074    0.91269074    0.91269074    0.91269074    0.91269074    0.91269074    0.91269074    0.91269074    0.91269074    0.91269074    0.91269074    0.91269074    0.91269074    0.91269074    0.91269074    0.91269074    0.91269074    0.91269074    0.91269074    0.91269074    0.91269074    0.91269074    0.91269074

    0.89098989    0.89098989    0.89098989    0.89098989    0.89098989    0.89098989    0.89098989    0.89098989    0.89098989    0.89098989    0.89098989    0.89098989    0.89098989    0.89098989    0.89098989    0.89098989    0.89098989    0.89098989    0.89098989    0.89098989    0.89098989    0.89098989    0.89098989    0.89098989    0.89098989    0.89098989    0.89098989    0.89098989    0.89098989    0.89098989    0.89098989    0.89098989

    0.86701577    0.86701577    0.86701577    0.86701577    0.86701577    0.86701577    0.86701577    0.86701577    0.86701577    0.86701577    0.86701577    0.86701577    0.86701577    0.86701577    0.86701577    0.86701577    0.86701577    0.86701577    0.86701577    0.86701577    0.86701577    0.86701577    0.86701577    0.86701577    0.86701577    0.86701577    0.86701577    0.86701577    0.86701577    0.86701577    0.86701577    0.86701577

    0.84112365    0.84112365    0.84112365    0.84112365    0.84112365    0.84112365    0.84112365    0.84112365    0.84112365    0.84112365    0.84112365    0.84112365    0.84112365    0.84112365    0.84112365    0.84112365    0.84112365    0.84112365    0.84112365    0.84112365    0.84112365    0.84112365    0.84112365    0.84112365    0.84112365    0.84112365    0.84112365    0.84112365    0.84112365    0.84112365    0.84112365    0.84112365

    0.81366353    0.81366353    0.81366353    0.81366353    0.81366353    0.81366353    0.81366353    0.81366353    0.81366353    0.81366353    0.81366353    0.81366353    0.81366353    0.81366353    0.81366353    0.81366353    0.81366353    0.81366353    0.81366353    0.81366353    0.81366353    0.81366353    0.81366353    0.81366353    0.81366353    0.81366353    0.81366353    0.81366353    0.81366353    0.81366353    0.81366353    0.81366353

    0.78497040    0.78497040    0.78497040    0.78497040    0.78497040    0.78497040    0.78497040    0.78497040    0.78497040    0.78497040    0.78497040    0.78497040    0.78497040    0.78497040    0.78497040    0.78497040    0.78497040    0.78497040    0.78497040    0.78497040    0.78497040    0.78497040    0.78497040    0.78497040    0.78497040    0.78497040    0.78497040    0.78497040    0.78497040    0.78497040    0.78497040    0.78497040

    0.75535672    0.75535672    0.75535672    0.75535672    0.75535672    0.75535672    0.75535672    0.75535672    0.75535672    0.75535672    0.75535672    0.75535672    0.75535672    0.75535672    0.75535672    0.75535672    0.75535672    0.75535672    0.75535672    0.75535672    0.75535672    0.75535672    0.75535672    0.75535672    0.75535672    0.75535672    0.75535672    0.75535672    0.75535672    0.75535672    0.75535672    0.75535672

    0.72510723    0.72510723    0.72510723    0.72510723    0.72510723    0.72510723    0.72510723    0.72510723    0.72510723    0.72510723    0.72510723    0.72510723    0.72510723    0.72510723    0.72510723    0.72510723    0.72510723    0.72510723    0.72510723    0.72510723    0.72510723    0.72510723    0.72510723    0.72510723    0.72510723    0.72510723    0.72510723    0.72510723    0.72510723    0.72510723    0.72510723    0.72510723

    0.69447587    0.69447587    0.69447587    0.69447587    0.69447587    0.69447587    0.69447587    0.69447587    0.69447587    0.69447587    0.69447587    0.69447587    0.69447587    0.69447587    0.69447587    0.69447587    0.69447587    0.69447587    0.69447587    0.69447587    0.69447587    0.69447587    0.69447587    0.69447587    0.69447587    0.69447587    0.69447587    0.69447587    0.69447587    0.69447587    0.69447587    0.69447587

    0.66368442    0.66368442    0.66368442    0.66368442    0.66368442    0.66368442    0.66368442    0.66368442    0.66368442    0.66368442    0.66368442    0.66368442    0.66368442    0.66368442    0.66368442    0.66368442    0.66368442    0.66368442    0.66368442    0.66368442    0.66368442    0.66368442    0.66368442    0.66368442    0.66368442    0.66368442    0.66368442    0.66368442    0.66368442    0.66368442    0.66368442    0.66368442

    0.63292272    0.63292272    0.63292272    0.63292272    0.63292272    0.63292272    0.63292272    0.63292272    0.63292272    0.63292272    0.63292272    0.63292272    0.63292272    0.63292272    0.63292272    0.63292272    0.63292272    0.63292272    0.63292272    0.63292272    0.63292272    0.63292272    0.63292272    0.63292272    0.63292272    0.63292272    0.63292272    0.63292272    0.63292272    0.63292272    0.63292272    0.63292272

    0.60234988    0.60234988    0.60234988    0.60234988    0.60234988    0.60234988    0.60234988    0.60234988    0.60234988    0.60234988    0.60234988    0.60234988    0.60234988    0.60234988    0.60234988    0.60234988    0.60234988    0.60234988    0.60234988    0.60234988    0.60234988    0.60234988    0.60234988    0.60234988    0.60234988    0.60234988    0.60234988    0.60234988    0.60234988    0.60234988    0.60234988    0.60234988

    0.57209619    0.57209619    0.57209619    0.57209619    0.57209619    0.57209619    0.57209619    0.57209619    0.57209619    0.57209619    0.57209619    0.57209619    0.57209619    0.57209619    0.57209619    0.57209619    0.57209619    0.57209619    0.57209619    0.57209619    0.57209619    0.57209619    0.57209619    0.57209619    0.57209619    0.57209619    0.57209619    0.57209619    0.57209619    0.57209619    0.57209619    0.57209619

    0.54226586    0.54226586    0.54226586    0.54226586    0.54226586    0.54226586    0.54226586    0.54226586    0.54226586    0.54226586    0.54226586    0.54226586    0.54226586    0.54226586    0.54226586    0.54226586    0.54226586    0.54226586    0.54226586    0.54226586    0.54226586    0.54226586    0.54226586    0.54226586    0.54226586    0.54226586    0.54226586    0.54226586    0.54226586    0.54226586    0.54226586    0.54226586

    0.51293955    0.51293955    0.51293955    0.51293955    0.51293955    0.51293955    0.51293955    0.51293955    0.51293955    0.51293955    0.51293955    0.51293955    0.51293955    0.51293955    0.51293955    0.51293955    0.51293955    0.51293955    0.51293955    0.51293955    0.51293955    0.51293955    0.51293955    0.51293955    0.51293955    0.51293955    0.51293955    0.51293955    0.51293955    0.51293955    0.51293955    0.51293955

    0.48417707    0.48417707    0.48417707    0.48417707    0.48417707    0.48417707    0.48417707    0.48417707    0.48417707    0.48417707    0.48417707    0.48417707    0.48417707    0.48417707    0.48417707    0.48417707    0.48417707    0.48417707    0.48417707    0.48417707    0.48417707    0.48417707    0.48417707    0.48417707    0.48417707    0.48417707    0.48417707    0.48417707    0.48417707    0.48417707    0.48417707    0.48417707

    0.45602018    0.45602018    0.45602018    0.45602018    0.45602018    0.45602018    0.45602018    0.45602018    0.45602018    0.45602018    0.45602018    0.45602018    0.45602018    0.45602018    0.45602018    0.45602018    0.45602018    0.45602018    0.45602018    0.45602018    0.45602018    0.45602018    0.45602018    0.45602018    0.45602018    0.45602018    0.45602018    0.45602018    0.45602018    0.45602018    0.45602018    0.45602018

    0.42849526    0.42849526    0.42849526    0.42849526    0.42849526    0.42849526    0.42849526    0.42849526    0.42849526    0.42849526    0.42849526    0.42849526    0.42849526    0.42849526    0.42849526    0.42849526    0.42849526    0.42849526    0.42849526    0.42849526    0.42849526    0.42849526    0.42849526    0.42849526    0.42849526    0.42849526    0.42849526    0.42849526    0.42849526    0.42849526    0.42849526    0.42849526

    0.40161547    0.40161547    0.40161547    0.40161547    0.40161547    0.40161547    0.40161547    0.40161547    0.40161547    0.40161547    0.40161547    0.40161547    0.40161547    0.40161547    0.40161547    0.40161547    0.40161547    0.40161547    0.40161547    0.40161547    0.40161547    0.40161547    0.40161547    0.40161547    0.40161547    0.40161547    0.40161547    0.40161547    0.40161547    0.40161547    0.40161547    0.40161547

    0.37538280    0.37538280    0.37538280    0.37538280    0.37538280    0.37538280    0.37538280    0.37538280    0.37538280    0.37538280    0.37538280    0.37538280    0.37538280    0.37538280    0.37538280    0.37538280    0.37538280    0.37538280    0.37538280    0.37538280    0.37538280    0.37538280    0.37538280    0.37538280    0.37538280    0.37538280    0.37538280    0.37538280    0.37538280    0.37538280    0.37538280    0.37538280

    0.34978999    0.34978999    0.34978999    0.34978999    0.34978999    0.34978999    0.34978999    0.34978999    0.34978999    0.34978999    0.34978999    0.34978999    0.34978999    0.34978999    0.34978999    0.34978999    0.34978999    0.34978999    0.34978999    0.34978999    0.34978999    0.34978999    0.34978999    0.34978999    0.34978999    0.34978999    0.34978999    0.34978999    0.34978999    0.34978999    0.34978999    0.34978999

    0.32482221    0.32482221    0.32482221    0.32482221    0.32482221    0.32482221    0.32482221    0.32482221    0.32482221    0.32482221    0.32482221    0.32482221    0.32482221    0.32482221    0.32482221    0.32482221    0.32482221    0.32482221    0.32482221    0.32482221    0.32482221    0.32482221    0.32482221    0.32482221    0.32482221    0.32482221    0.32482221    0.32482221    0.32482221    0.32482221    0.32482221    0.32482221

    0.30045836    0.30045836    0.30045836    0.30045836    0.30045836    0.30045836    0.30045836    0.30045836    0.30045836    0.30045836    0.30045836    0.30045836    0.30045836    0.30045836    0.30045836    0.30045836    0.30045836    0.30045836    0.30045836    0.30045836    0.30045836    0.30045836    0.30045836    0.30045836    0.30045836    0.30045836    0.30045836    0.30045836    0.30045836    0.30045836    0.30045836    0.30045836

    0.27667214    0.27667214    0.27667214    0.27667214    0.27667214    0.27667214    0.27667214    0.27667214    0.27667214    0.27667214    0.27667214    0.27667214    0.27667214    0.27667214    0.27667214    0.27667214    0.27667214    0.27667214    0.27667214    0.27667214    0.27667214    0.27667214    0.27667214    0.27667214    0.27667214    0.27667214    0.27667214    0.27667214    0.27667214    0.27667214    0.27667214    0.27667214

    0.25343310    0.25343310    0.25343310    0.25343310    0.25343310    0.25343310    0.25343310    0.25343310    0.25343310    0.25343310    0.25343310    0.25343310    0.25343310    0.25343310    0.25343310    0.25343310    0.25343310    0.25343310    0.25343310    0.25343310    0.25343310    0.25343310    0.25343310    0.25343310    0.25343310    0.25343310    0.25343310    0.25343310    0.25343310    0.25343310    0.25343310    0.25343310

    0.00000000    0.00000000    0.00000000    0.00000000    0.00000000    0.00000000    0.00000000    0.00000000    0.00000000    0.00000000    0.00000000    0.00000000    0.00000000    0.00000000    0.00000000    0.00000000    0.00000000    0.00000000    0.00000000    0.00000000    0.00000000    0.00000000    0.00000000    0.00000000    0.00000000    0.00000000    0.00000000    0.00000000    0.00000000    0.00000000    0.00000000    0.00000000

 Matriz y, linhas--> u, colunas--> v
    0.00000000    0.00000000    0.00000000    0.00000000    0.00000000    0.00000000    0.00000000    0.00000000    0.00000000    0.00000000    0.00000000    0.00000000    0.00000000    0.00000000    0.00000000    0.00000000    0.00000000    0.00000000    0.00000000    0.00000000    0.00000000    0.00000000    0.00000000    0.00000000    0.00000000    0.00000000    0.00000000    0.00000000    0.00000000    0.00000000    0.00000000    0.00000000

    0.02464945    0.02464945    0.02464945    0.02464945    0.02464945    0.02464945    0.02464945    0.02464945    0.02464945    0.02464945    0.02464945    0.02464945    0.02464945    0.02464945    0.02464945    0.02464945    0.02464945    0.02464945    0.02464945    0.02464945    0.02464945    0.02464945    0.02464945    0.02464945    0.02464945    0.02464945    0.02464945    0.02464945    0.02464945    0.02464945    0.02464945    0.02464945

    0.04892670    0.04892670    0.04892670    0.04892670    0.04892670    0.04892670    0.04892670    0.04892670    0.04892670    0.04892670    0.04892670    0.04892670    0.04892670    0.04892670    0.04892670    0.04892670    0.04892670    0.04892670    0.04892670    0.04892670    0.04892670    0.04892670    0.04892670    0.04892670    0.04892670    0.04892670    0.04892670    0.04892670    0.04892670    0.04892670    0.04892670    0.04892670

    0.07247523    0.07247523    0.07247523    0.07247523    0.07247523    0.07247523    0.07247523    0.07247523    0.07247523    0.07247523    0.07247523    0.07247523    0.07247523    0.07247523    0.07247523    0.07247523    0.07247523    0.07247523    0.07247523    0.07247523    0.07247523    0.07247523    0.07247523    0.07247523    0.07247523    0.07247523    0.07247523    0.07247523    0.07247523    0.07247523    0.07247523    0.07247523

    0.09496860    0.09496860    0.09496860    0.09496860    0.09496860    0.09496860    0.09496860    0.09496860    0.09496860    0.09496860    0.09496860    0.09496860    0.09496860    0.09496860    0.09496860    0.09496860    0.09496860    0.09496860    0.09496860    0.09496860    0.09496860    0.09496860    0.09496860    0.09496860    0.09496860    0.09496860    0.09496860    0.09496860    0.09496860    0.09496860    0.09496860    0.09496860

    0.11612248    0.11612248    0.11612248    0.11612248    0.11612248    0.11612248    0.11612248    0.11612248    0.11612248    0.11612248    0.11612248    0.11612248    0.11612248    0.11612248    0.11612248    0.11612248    0.11612248    0.11612248    0.11612248    0.11612248    0.11612248    0.11612248    0.11612248    0.11612248    0.11612248    0.11612248    0.11612248    0.11612248    0.11612248    0.11612248    0.11612248    0.11612248

    0.13570341    0.13570341    0.13570341    0.13570341    0.13570341    0.13570341    0.13570341    0.13570341    0.13570341    0.13570341    0.13570341    0.13570341    0.13570341    0.13570341    0.13570341    0.13570341    0.13570341    0.13570341    0.13570341    0.13570341    0.13570341    0.13570341    0.13570341    0.13570341    0.13570341    0.13570341    0.13570341    0.13570341    0.13570341    0.13570341    0.13570341    0.13570341

    0.15353410    0.15353410    0.15353410    0.15353410    0.15353410    0.15353410    0.15353410    0.15353410    0.15353410    0.15353410    0.15353410    0.15353410    0.15353410    0.15353410    0.15353410    0.15353410    0.15353410    0.15353410    0.15353410    0.15353410    0.15353410    0.15353410    0.15353410    0.15353410    0.15353410    0.15353410    0.15353410    0.15353410    0.15353410    0.15353410    0.15353410    0.15353410

    0.16949494    0.16949494    0.16949494    0.16949494    0.16949494    0.16949494    0.16949494    0.16949494    0.16949494    0.16949494    0.16949494    0.16949494    0.16949494    0.16949494    0.16949494    0.16949494    0.16949494    0.16949494    0.16949494    0.16949494    0.16949494    0.16949494    0.16949494    0.16949494    0.16949494    0.16949494    0.16949494    0.16949494    0.16949494    0.16949494    0.16949494    0.16949494

    0.18352247    0.18352247    0.18352247    0.18352247    0.18352247    0.18352247    0.18352247    0.18352247    0.18352247    0.18352247    0.18352247    0.18352247    0.18352247    0.18352247    0.18352247    0.18352247    0.18352247    0.18352247    0.18352247    0.18352247    0.18352247    0.18352247    0.18352247    0.18352247    0.18352247    0.18352247    0.18352247    0.18352247    0.18352247    0.18352247    0.18352247    0.18352247

    0.19560500    0.19560500    0.19560500    0.19560500    0.19560500    0.19560500    0.19560500    0.19560500    0.19560500    0.19560500    0.19560500    0.19560500    0.19560500    0.19560500    0.19560500    0.19560500    0.19560500    0.19560500    0.19560500    0.19560500    0.19560500    0.19560500    0.19560500    0.19560500    0.19560500    0.19560500    0.19560500    0.19560500    0.19560500    0.19560500    0.19560500    0.19560500

    0.20577640    0.20577640    0.20577640    0.20577640    0.20577640    0.20577640    0.20577640    0.20577640    0.20577640    0.20577640    0.20577640    0.20577640    0.20577640    0.20577640    0.20577640    0.20577640    0.20577640    0.20577640    0.20577640    0.20577640    0.20577640    0.20577640    0.20577640    0.20577640    0.20577640    0.20577640    0.20577640    0.20577640    0.20577640    0.20577640    0.20577640    0.20577640

    0.21410870    0.21410870    0.21410870    0.21410870    0.21410870    0.21410870    0.21410870    0.21410870    0.21410870    0.21410870    0.21410870    0.21410870    0.21410870    0.21410870    0.21410870    0.21410870    0.21410870    0.21410870    0.21410870    0.21410870    0.21410870    0.21410870    0.21410870    0.21410870    0.21410870    0.21410870    0.21410870    0.21410870    0.21410870    0.21410870    0.21410870    0.21410870

    0.22070417    0.22070417    0.22070417    0.22070417    0.22070417    0.22070417    0.22070417    0.22070417    0.22070417    0.22070417    0.22070417    0.22070417    0.22070417    0.22070417    0.22070417    0.22070417    0.22070417    0.22070417    0.22070417    0.22070417    0.22070417    0.22070417    0.22070417    0.22070417    0.22070417    0.22070417    0.22070417    0.22070417    0.22070417    0.22070417    0.22070417    0.22070417

    0.22568754    0.22568754    0.22568754    0.22568754    0.22568754    0.22568754    0.22568754    0.22568754    0.22568754    0.22568754    0.22568754    0.22568754    0.22568754    0.22568754    0.22568754    0.22568754    0.22568754    0.22568754    0.22568754    0.22568754    0.22568754    0.22568754    0.22568754    0.22568754    0.22568754    0.22568754    0.22568754    0.22568754    0.22568754    0.22568754    0.22568754    0.22568754

    0.22919872    0.22919872    0.22919872    0.22919872    0.22919872    0.22919872    0.22919872    0.22919872    0.22919872    0.22919872    0.22919872    0.22919872    0.22919872    0.22919872    0.22919872    0.22919872    0.22919872    0.22919872    0.22919872    0.22919872    0.22919872    0.22919872    0.22919872    0.22919872    0.22919872    0.22919872    0.22919872    0.22919872    0.22919872    0.22919872    0.22919872    0.22919872

    0.23138635    0.23138635    0.23138635    0.23138635    0.23138635    0.23138635    0.23138635    0.23138635    0.23138635    0.23138635    0.23138635    0.23138635    0.23138635    0.23138635    0.23138635    0.23138635    0.23138635    0.23138635    0.23138635    0.23138635    0.23138635    0.23138635    0.23138635    0.23138635    0.23138635    0.23138635    0.23138635    0.23138635    0.23138635    0.23138635    0.23138635    0.23138635

    0.23240236    0.23240236    0.23240236    0.23240236    0.23240236    0.23240236    0.23240236    0.23240236    0.23240236    0.23240236    0.23240236    0.23240236    0.23240236    0.23240236    0.23240236    0.23240236    0.23240236    0.23240236    0.23240236    0.23240236    0.23240236    0.23240236    0.23240236    0.23240236    0.23240236    0.23240236    0.23240236    0.23240236    0.23240236    0.23240236    0.23240236    0.23240236

    0.23239751    0.23239751    0.23239751    0.23239751    0.23239751    0.23239751    0.23239751    0.23239751    0.23239751    0.23239751    0.23239751    0.23239751    0.23239751    0.23239751    0.23239751    0.23239751    0.23239751    0.23239751    0.23239751    0.23239751    0.23239751    0.23239751    0.23239751    0.23239751    0.23239751    0.23239751    0.23239751    0.23239751    0.23239751    0.23239751    0.23239751    0.23239751

    0.23151792    0.23151792    0.23151792    0.23151792    0.23151792    0.23151792    0.23151792    0.23151792    0.23151792    0.23151792    0.23151792    0.23151792    0.23151792    0.23151792    0.23151792    0.23151792    0.23151792    0.23151792    0.23151792    0.23151792    0.23151792    0.23151792    0.23151792    0.23151792    0.23151792    0.23151792    0.23151792    0.23151792    0.23151792    0.23151792    0.23151792    0.23151792

    0.22990260    0.22990260    0.22990260    0.22990260    0.22990260    0.22990260    0.22990260    0.22990260    0.22990260    0.22990260    0.22990260    0.22990260    0.22990260    0.22990260    0.22990260    0.22990260    0.22990260    0.22990260    0.22990260    0.22990260    0.22990260    0.22990260    0.22990260    0.22990260    0.22990260    0.22990260    0.22990260    0.22990260    0.22990260    0.22990260    0.22990260    0.22990260

    0.22768164    0.22768164    0.22768164    0.22768164    0.22768164    0.22768164    0.22768164    0.22768164    0.22768164    0.22768164    0.22768164    0.22768164    0.22768164    0.22768164    0.22768164    0.22768164    0.22768164    0.22768164    0.22768164    0.22768164    0.22768164    0.22768164    0.22768164    0.22768164    0.22768164    0.22768164    0.22768164    0.22768164    0.22768164    0.22768164    0.22768164    0.22768164

    0.22497519    0.22497519    0.22497519    0.22497519    0.22497519    0.22497519    0.22497519    0.22497519    0.22497519    0.22497519    0.22497519    0.22497519    0.22497519    0.22497519    0.22497519    0.22497519    0.22497519    0.22497519    0.22497519    0.22497519    0.22497519    0.22497519    0.22497519    0.22497519    0.22497519    0.22497519    0.22497519    0.22497519    0.22497519    0.22497519    0.22497519    0.22497519

    0.22189293    0.22189293    0.22189293    0.22189293    0.22189293    0.22189293    0.22189293    0.22189293    0.22189293    0.22189293    0.22189293    0.22189293    0.22189293    0.22189293    0.22189293    0.22189293    0.22189293    0.22189293    0.22189293    0.22189293    0.22189293    0.22189293    0.22189293    0.22189293    0.22189293    0.22189293    0.22189293    0.22189293    0.22189293    0.22189293    0.22189293    0.22189293

    0.21853394    0.21853394    0.21853394    0.21853394    0.21853394    0.21853394    0.21853394    0.21853394    0.21853394    0.21853394    0.21853394    0.21853394    0.21853394    0.21853394    0.21853394    0.21853394    0.21853394    0.21853394    0.21853394    0.21853394    0.21853394    0.21853394    0.21853394    0.21853394    0.21853394    0.21853394    0.21853394    0.21853394    0.21853394    0.21853394    0.21853394    0.21853394

    0.21498693    0.21498693    0.21498693    0.21498693    0.21498693    0.21498693    0.21498693    0.21498693    0.21498693    0.21498693    0.21498693    0.21498693    0.21498693    0.21498693    0.21498693    0.21498693    0.21498693    0.21498693    0.21498693    0.21498693    0.21498693    0.21498693    0.21498693    0.21498693    0.21498693    0.21498693    0.21498693    0.21498693    0.21498693    0.21498693    0.21498693    0.21498693

    0.21133069    0.21133069    0.21133069    0.21133069    0.21133069    0.21133069    0.21133069    0.21133069    0.21133069    0.21133069    0.21133069    0.21133069    0.21133069    0.21133069    0.21133069    0.21133069    0.21133069    0.21133069    0.21133069    0.21133069    0.21133069    0.21133069    0.21133069    0.21133069    0.21133069    0.21133069    0.21133069    0.21133069    0.21133069    0.21133069    0.21133069    0.21133069

    0.20763469    0.20763469    0.20763469    0.20763469    0.20763469    0.20763469    0.20763469    0.20763469    0.20763469    0.20763469    0.20763469    0.20763469    0.20763469    0.20763469    0.20763469    0.20763469    0.20763469    0.20763469    0.20763469    0.20763469    0.20763469    0.20763469    0.20763469    0.20763469    0.20763469    0.20763469    0.20763469    0.20763469    0.20763469    0.20763469    0.20763469    0.20763469

    0.20395975    0.20395975    0.20395975    0.20395975    0.20395975    0.20395975    0.20395975    0.20395975    0.20395975    0.20395975    0.20395975    0.20395975    0.20395975    0.20395975    0.20395975    0.20395975    0.20395975    0.20395975    0.20395975    0.20395975    0.20395975    0.20395975    0.20395975    0.20395975    0.20395975    0.20395975    0.20395975    0.20395975    0.20395975    0.20395975    0.20395975    0.20395975

    0.20035879    0.20035879    0.20035879    0.20035879    0.20035879    0.20035879    0.20035879    0.20035879    0.20035879    0.20035879    0.20035879    0.20035879    0.20035879    0.20035879    0.20035879    0.20035879    0.20035879    0.20035879    0.20035879    0.20035879    0.20035879    0.20035879    0.20035879    0.20035879    0.20035879    0.20035879    0.20035879    0.20035879    0.20035879    0.20035879    0.20035879    0.20035879

    0.19687756    0.19687756    0.19687756    0.19687756    0.19687756    0.19687756    0.19687756    0.19687756    0.19687756    0.19687756    0.19687756    0.19687756    0.19687756    0.19687756    0.19687756    0.19687756    0.19687756    0.19687756    0.19687756    0.19687756    0.19687756    0.19687756    0.19687756    0.19687756    0.19687756    0.19687756    0.19687756    0.19687756    0.19687756    0.19687756    0.19687756    0.19687756

    0.17416686    0.17416686    0.17416686    0.17416686    0.17416686    0.17416686    0.17416686    0.17416686    0.17416686    0.17416686    0.17416686    0.17416686    0.17416686    0.17416686    0.17416686    0.17416686    0.17416686    0.17416686    0.17416686    0.17416686    0.17416686    0.17416686    0.17416686    0.17416686    0.17416686    0.17416686    0.17416686    0.17416686    0.17416686    0.17416686    0.17416686    0.17416686

