 m =   0.500000000000000      # colunas:           20 # colunas:           20 
 K =    1.85407472889570      KKp =    1.85407472889570     
 Matriz x, linhas--> u, colunas--> v
        1.0000        1.0048        1.0192        1.0438        1.0792        1.1267        1.1878        1.2649        1.3615        1.4822        1.6343        1.8284        2.0816        2.4225        2.9026        3.6252        4.8317        7.2465       14.4925        0.0000

        0.9953        1.0000        1.0142        1.0384        1.0733        1.1199        1.1798        1.2553        1.3495        1.4669        1.6137        1.7997        2.0395        2.3566        2.7906        3.4117        4.3483        5.7970        7.2462        0.0000

        0.9811        0.9856        0.9993        1.0224        1.0556        1.0999        1.1565        1.2273        1.3148        1.4224        1.5549        1.7187        1.9226        2.1786        2.5008        2.8990        3.3441        3.6226        2.8981        0.0000

        0.9580        0.9622        0.9749        0.9963        1.0270        1.0676        1.1191        1.1827        1.2602        1.3535        1.4652        1.5979        1.7541        1.9341        2.1309        2.3173        2.4136        2.2281        1.4484        0.0000

        0.9266        0.9304        0.9418        0.9611        0.9885        1.0244        1.0695        1.1244        1.1897        1.2662        1.3543        1.4534        1.5609        1.6698        1.7636        1.8074        1.7352        1.4464        0.8510        0.0000

        0.8876        0.8909        0.9009        0.9177        0.9414        0.9722        1.0102        1.0555        1.1081        1.1673        1.2321        1.2997        1.3649        1.4178        1.4410        1.4061        1.2722        0.9948        0.5550        0.0000

        0.8419        0.8448        0.8533        0.8675        0.8873        0.9128        0.9436        0.9794        1.0195        1.0627        1.1067        1.1478        1.1799        1.1935        1.1743        1.1027        0.9564        0.7178        0.3882        0.0000

        0.7906        0.7929        0.7999        0.8116        0.8276        0.8479        0.8719        0.8989        0.9278        0.9570        0.9838        1.0043        1.0127        1.0012        0.9592        0.8746        0.7360        0.5375        0.2850        0.0000

        0.7345        0.7364        0.7420        0.7512        0.7637        0.7792        0.7970        0.8163        0.8357        0.8535        0.8669        0.8723        0.8651        0.8389        0.7868        0.7015        0.5775        0.4139        0.2167        0.0000

        0.6747        0.6761        0.6804        0.6874        0.6968        0.7082        0.7207        0.7335        0.7452        0.7541        0.7577        0.7530        0.7361        0.7026        0.6479        0.5678        0.4600        0.3252        0.1687        0.0000

        0.6119        0.6130        0.6162        0.6213        0.6280        0.6358        0.6440        0.6517        0.6575        0.6599        0.6568        0.6456        0.6236        0.5876        0.5346        0.4623        0.3700        0.2591        0.1336        0.0000

        0.5469        0.5477        0.5500        0.5535        0.5580        0.5631        0.5679        0.5716        0.5732        0.5711        0.5637        0.5491        0.5251        0.4896        0.4407        0.3773        0.2993        0.2080        0.1067        0.0000

        0.4804        0.4809        0.4824        0.4847        0.4876        0.4904        0.4927        0.4937        0.4924        0.4876        0.4779        0.4620        0.4382        0.4051        0.3616        0.3071        0.2419        0.1673        0.0855        0.0000

        0.4128        0.4131        0.4141        0.4154        0.4170        0.4183        0.4189        0.4181        0.4151        0.4089        0.3985        0.3828        0.3607        0.3312        0.2937        0.2479        0.1942        0.1337        0.0682        0.0000

        0.3445        0.3447        0.3452        0.3460        0.3467        0.3470        0.3465        0.3447        0.3408        0.3343        0.3243        0.3099        0.2905        0.2653        0.2341        0.1967        0.1535        0.1053        0.0536        0.0000

        0.2758        0.2759        0.2762        0.2765        0.2766        0.2764        0.2754        0.2732        0.2693        0.2633        0.2544        0.2422        0.2261        0.2057        0.1807        0.1513        0.1177        0.0806        0.0410        0.0000

        0.2070        0.2070        0.2071        0.2072        0.2070        0.2066        0.2054        0.2034        0.2001        0.1950        0.1879        0.1784        0.1660        0.1506        0.1319        0.1102        0.0855        0.0585        0.0297        0.0000

        0.1380        0.1380        0.1380        0.1380        0.1378        0.1373        0.1364        0.1349        0.1324        0.1289        0.1239        0.1174        0.1090        0.0987        0.0863        0.0719        0.0558        0.0381        0.0193        0.0000

        0.0690        0.0690        0.0690        0.0690        0.0688        0.0686        0.0680        0.0672        0.0659        0.0641        0.0616        0.0582        0.0540        0.0488        0.0427        0.0355        0.0275        0.0188        0.0095        0.0000

        0.0000        0.0000        0.0000        0.0000        0.0000        0.0000        0.0000        0.0000        0.0000        0.0000        0.0000        0.0000        0.0000        0.0000        0.0000        0.0000        0.0000        0.0000        0.0000        0.0000

 Matriz y, linhas--> u, colunas--> v
        0.0000        0.0000        0.0000        0.0000        0.0000        0.0000        0.0000        0.0000        0.0000        0.0000        0.0000        0.0000        0.0000        0.0000        0.0000        0.0000        0.0000        0.0000        0.0000        0.0000

        0.0000        0.0095        0.0193        0.0297        0.0410        0.0536        0.0682        0.0855        0.1067        0.1336        0.1687        0.2167        0.2850        0.3882        0.5550        0.8510        1.4484        2.8981        7.2462       14.4925

        0.0000        0.0188        0.0381        0.0585        0.0806        0.1053        0.1337        0.1673        0.2080        0.2591        0.3252        0.4139        0.5375        0.7178        0.9948        1.4464        2.2281        3.6226        5.7970        7.2465

        0.0000        0.0275        0.0558        0.0855        0.1177        0.1535        0.1942        0.2419        0.2993        0.3700        0.4600        0.5775        0.7360        0.9564        1.2722        1.7352        2.4136        3.3441        4.3483        4.8317

        0.0000        0.0355        0.0719        0.1102        0.1513        0.1967        0.2479        0.3071        0.3773        0.4623        0.5678        0.7015        0.8746        1.1027        1.4061        1.8074        2.3173        2.8990        3.4117        3.6252

        0.0000        0.0427        0.0863        0.1319        0.1807        0.2341        0.2937        0.3616        0.4407        0.5346        0.6479        0.7868        0.9592        1.1743        1.4410        1.7636        2.1309        2.5008        2.7906        2.9026

        0.0000        0.0488        0.0987        0.1506        0.2057        0.2653        0.3312        0.4051        0.4896        0.5876        0.7026        0.8389        1.0012        1.1935        1.4178        1.6698        1.9341        2.1786        2.3566        2.4225

        0.0000        0.0540        0.1090        0.1660        0.2261        0.2905        0.3607        0.4382        0.5251        0.6236        0.7361        0.8651        1.0127        1.1799        1.3649        1.5609        1.7541        1.9226        2.0395        2.0816

        0.0000        0.0582        0.1174        0.1784        0.2422        0.3099        0.3828        0.4620        0.5491        0.6456        0.7530        0.8723        1.0043        1.1478        1.2997        1.4534        1.5979        1.7187        1.7997        1.8284

        0.0000        0.0616        0.1239        0.1879        0.2544        0.3243        0.3985        0.4779        0.5637        0.6568        0.7577        0.8669        0.9838        1.1067        1.2321        1.3543        1.4652        1.5549        1.6137        1.6343

        0.0000        0.0641        0.1289        0.1950        0.2633        0.3343        0.4089        0.4876        0.5711        0.6599        0.7541        0.8535        0.9570        1.0627        1.1673        1.2662        1.3535        1.4224        1.4669        1.4822

        0.0000        0.0659        0.1324        0.2001        0.2693        0.3408        0.4151        0.4924        0.5732        0.6575        0.7452        0.8357        0.9278        1.0195        1.1081        1.1897        1.2602        1.3148        1.3495        1.3615

        0.0000        0.0672        0.1349        0.2034        0.2732        0.3447        0.4181        0.4937        0.5716        0.6517        0.7335        0.8163        0.8989        0.9794        1.0555        1.1244        1.1827        1.2273        1.2553        1.2649

        0.0000        0.0680        0.1364        0.2054        0.2754        0.3465        0.4189        0.4927        0.5679        0.6440        0.7207        0.7970        0.8719        0.9436        1.0102        1.0695        1.1191        1.1565        1.1798        1.1878

        0.0000        0.0686        0.1373        0.2066        0.2764        0.3470        0.4183        0.4904        0.5631        0.6358        0.7082        0.7792        0.8479        0.9128        0.9722        1.0244        1.0676        1.0999        1.1199        1.1267

        0.0000        0.0688        0.1378        0.2070        0.2766        0.3467        0.4170        0.4876        0.5580        0.6280        0.6968        0.7637        0.8276        0.8873        0.9414        0.9885        1.0270        1.0556        1.0733        1.0792

        0.0000        0.0690        0.1380        0.2072        0.2765        0.3460        0.4154        0.4847        0.5535        0.6213        0.6874        0.7512        0.8116        0.8675        0.9177        0.9611        0.9963        1.0224        1.0384        1.0438

        0.0000        0.0690        0.1380        0.2071        0.2762        0.3452        0.4141        0.4824        0.5500        0.6162        0.6804        0.7420        0.7999        0.8533        0.9009        0.9418        0.9749        0.9993        1.0142        1.0192

        0.0000        0.0690        0.1380        0.2070        0.2759        0.3447        0.4131        0.4809        0.5477        0.6130        0.6761        0.7364        0.7929        0.8448        0.8909        0.9304        0.9622        0.9856        1.0000        1.0048

        0.0000        0.0690        0.1380        0.2070        0.2758        0.3445        0.4128        0.4804        0.5469        0.6119        0.6747        0.7345        0.7906        0.8419        0.8876        0.9266        0.9580        0.9811        0.9953        1.0000

