 ===============================================================================
 =======
 CURVAS GERADAS UTILIZANDO A PARAMETRIZAÇÃO DE MOON E SPENCER PARA AS CURVAS DE 
 CASSINI
 ===============================================================================
 =======
 a =   0.315100014209747      b =   0.373784123570964      a/b = 
  0.842999994754791      # colunas:           32 # colunas:           32
 Matriz x, linhas--> u, colunas--> v
   0.445618721   0.445189737   0.443903609   0.441762805   0.438771414   0.434935106   0.430261083   0.424758004   0.418435891   0.411306021   0.403380777   0.394673474   0.385198148   0.374969285   0.364001489   0.352309066   0.339905490   0.326802709   0.313010227   0.298533871   0.283374072   0.267523425   0.250963093   0.233657308   0.215544568   0.196522744   0.176422014   0.154950915   0.131573823   0.105171353   0.072688091   0.000065677   0.457346238   0.456891476   0.455528023   0.453258361   0.450086603   0.446018443   0.441061091   0.435223194   0.428514718   0.420946812   0.412531637   0.403282147   0.393211829   0.382334364   0.370663215   0.358211098   0.344989290   0.331006739   0.316268862

   0.300775908   0.284520662   0.267485138   0.249635665   0.230915275   0.211231409   0.190434951   0.168282030   0.144358533   0.117914842   0.087458812   0.049717522   0.000000047   0.469983555   0.469502184   0.468058916   0.465656278   0.462298449   0.457991209   0.452741866   0.446559162   0.439453143   0.431435006   0.422516901   0.412711685   0.402032622   0.390493005   0.378105679   0.364882440   0.350833255   0.335965251   0.320281358   0.303778486   0.286444983   0.268257040   0.249173445   0.229127722   0.208015959   0.185677355   0.161862197   0.136178406   0.108006532   0.076405816   0.040288821   0.000000035   0.483583896   0.483075068   0.481549455   0.479009654   0.475459962   0.470906317

   0.465356222   0.458818636   0.451303846   0.442823289   0.433389346   0.423015076   0.411713899   0.399499184   0.386383757   0.372379262   0.357495355   0.341738665   0.325111435   0.307609712   0.289220915   0.269920496   0.249667305   0.228397058   0.206013104   0.182373521   0.157274058   0.130429686   0.101470627   0.070011064   0.035936132   0.000000031   0.498202184   0.497665028   0.496054464   0.493373196   0.489625690   0.484818120   0.478958289   0.472055510   0.464120475   0.455165074   0.445202178   0.434245372   0.422308624   0.409405884   0.395550579   0.380755000   0.365029517   0.348381606   0.330814592   0.312326054   0.292905752   0.272532943   0.251172930   0.228772682   0.205255579

   0.180515874   0.154415170   0.126787412   0.097468198   0.066378235   0.033687885   0.000000029   0.513895086   0.513328695   0.511630473   0.508803260   0.504851751   0.499782440   0.493603532   0.486324840   0.477957634   0.468514473   0.458008986   0.446455608   0.433869260   0.420264962   0.405657363   0.390060166   0.373485428   0.355942702   0.337437985   0.317972432   0.297540795   0.276129567   0.253714872   0.230260270   0.205715020   0.180014025   0.153082163   0.124848180   0.095276363   0.064423893   0.032516964   0.000000028   0.530721087   0.530124509   0.528335783   0.525357921   0.521195903   0.515856623   0.509348806   0.501682898   0.492870927   0.482926335   0.471863770   0.459698833

   0.446447785   0.432127186   0.416753474   0.400342461   0.382908741   0.364464991   0.345021157   0.324583526   0.303153703   0.280727556   0.257294296   0.232836005   0.207328288   0.180743199   0.153056432   0.124261533   0.094393837   0.063563502   0.031987774   0.000000027   0.548740581   0.548112806   0.546230559   0.543097056   0.538717621   0.533099631   0.526252437   0.518187256   0.508917044   0.498456332   0.486821035   0.474028222   0.460095844   0.445042423   0.428886685   0.411647146   0.393341632   0.373986756   0.353597346   0.332185853   0.309761813   0.286331444   0.261897610   0.236460461   0.210019339   0.182576746   0.154145500   0.124760097   0.094492417   0.063469289   0.031885184

   0.000000027   0.568015982   0.567355933   0.565376943   0.562082465   0.557478223   0.551572157   0.544374344   0.535896908   0.526153891   0.515161106   0.502935965   0.489497271   0.474864981   0.459059941   0.442103586   0.424017604   0.404823588   0.384542660   0.363195126   0.340800167   0.317375673   0.292938313   0.267504045   0.241089332   0.213713458   0.185402426   0.156194879   0.126150210   0.095358145   0.063947628   0.032091124   0.000000028   0.588611866   0.587918386   0.585839192   0.582378008   0.577541008   0.571336769   0.563776196   0.554872439   0.544640772   0.533098470   0.520264643   0.506160064   0.490806966   0.474228820   0.456450097   0.437496020   0.417392316   0.396164981

   0.373840109   0.350443802   0.326002261   0.300542145   0.274091353   0.246680424   0.218344779   0.189128029   0.159086446   0.128294377   0.096849838   0.064878767   0.032535838   0.000000028   0.610595125   0.609866968   0.607683841   0.604049767   0.598971422   0.592458088   0.584521589   0.575176210   0.564438597   0.552327636   0.538864317   0.524071584   0.507974166   0.490598399   0.471972044   0.452124109   0.431084686   0.408884837   0.385556535   0.361132735   0.335647614   0.309137069   0.281639583   0.253197563   0.223859284   0.193681470   0.162732479   0.131095763   0.098873009   0.066185976   0.033175944   0.000000028   0.634035146   0.633270966   0.630979878   0.627166232   0.621837249

   0.615002982   0.606676255   0.596872591   0.585610122   0.572909485   0.558793703   0.543288058   0.526419953   0.508218775   0.488715753   0.467943843   0.445937634   0.422733303   0.398368655   0.372883267   0.346318809   0.318719574   0.290133303   0.260612354   0.230215251   0.199008613   0.167069309   0.134486601   0.101363806   0.067818906   0.033983529   0.000000029   0.659004013   0.658202356   0.655798953   0.651798506   0.646208824   0.639040787   0.630308293   0.620028194   0.608220213   0.594906855   0.580113305   0.563867321   0.546199122   0.527141280   0.506728619   0.484998139   0.461988971   0.437742380   0.412301856   0.385713299   0.358025344   0.329289872   0.299562720   0.268904637

   0.237382464   0.205070499   0.172051914   0.138420016   0.104279040   0.069744147   0.034940308   0.000000030   0.685576718   0.684736013   0.682215591   0.678020527   0.672159257   0.664643540   0.655488416   0.644712143   0.632336128   0.618384845   0.602885751   0.585869190   0.567368309   0.547418965   0.526059658   0.503331480   0.479278097   0.453945787   0.427383543   0.399643262   0.370780050   0.340852662   0.309924079   0.278062252   0.245340952   0.211840706   0.177649678   0.142864360   0.107589862   0.071939609   0.036034282   0.000000031   0.713831399   0.712949951   0.710307431   0.705909310   0.699764682   0.691886237   0.682290213   0.670996347   0.658027808   0.643411130   0.627176129

   0.609355833   0.589986398   0.569107044   0.546759997   0.522990457   0.497846599   0.471379610   0.443643798   0.414696758   0.384599634   0.353417469   0.321219652   0.288080465   0.254079665   0.219303094   0.183843186   0.147799290   0.111277671   0.074391068   0.037257735   0.000000032   0.743849585   0.742925567   0.740155477   0.735545199   0.729104518   0.720847095   0.710790424   0.698955783   0.685368176   0.670056270   0.653052325   0.634392123   0.614114906   0.592263310   0.568883322   0.544024256   0.517738748   0.490082802   0.461115869   0.430900986   0.399504983   0.366998738   0.333457511   0.298961304   0.263595254   0.227449981   0.190621846   0.153213036   0.115331398   0.077089941

   0.038605986   0.000000033   0.775716461   0.774747910   0.771844363   0.767012135   0.760261735   0.751607833   0.741069227   0.728668795   0.714433442   0.698394037   0.680585353   0.661045996   0.639818351   0.616948521   0.592486280   0.566485055   0.539001910   0.510097578   0.479836518   0.448287010   0.415521301   0.381615782   0.346651203   0.310712904   0.273891029   0.236280709   0.197982132   0.159100483   0.119745673   0.080031838   0.040076579   0.000000035   0.809521143   0.808505950   0.805462628   0.800397940   0.793323142   0.784253954   0.773210526   0.760217390   0.745303410   0.728501724   0.709849681   0.689388777   0.667164595   0.643226748   0.617628830   0.590428383   0.561686878

   0.531469720   0.499846274   0.466889924   0.432678154   0.397292650   0.360819420   0.323348910   0.284976097   0.245800530   0.205926285   0.165461801   0.124519557   0.083215576   0.041668744   0.000000036   0.845356963   0.844292871   0.841103007   0.835794598   0.828379677   0.818875047   0.807302255   0.793687541   0.778061786   0.760460460   0.740923551   0.719495507   0.696225167   0.671165703   0.644374563   0.615913424   0.585848160   0.554248817   0.521189616   0.486748959   0.451009462   0.414057985   0.375985674   0.336887985   0.296864678   0.256019760   0.214461356   0.172301476   0.129655661   0.086642505   0.043383031   0.000000037   0.883321772   0.882206368   0.878862730   0.873298567

   0.865526709   0.855565085   0.843436681   0.829169495   0.812796488   0.794355521   0.773889289   0.751445254   0.727075575   0.700837039   0.672790993   0.643003287   0.611544214   0.578488470   0.543915115   0.507907543   0.470553463   0.431944872   0.392178025   0.351353388   0.309575557   0.266953127   0.223598496   0.179627596   0.135159516   0.090316036   0.045221061   0.000000039   0.923518244   0.922348957   0.918843832   0.913011078   0.904864352   0.894422740   0.881710715   0.866758088   0.849599957   0.830276642   0.808833612   0.785321416   0.759795600   0.732316634   0.702949826   0.671765249   0.638837666   0.604246457   0.568075548   0.530413351   0.491352686   0.450990717   0.409428855

   0.366772655   0.323131673   0.278619284   0.233352436   0.187451347   0.141039126   0.094241311   0.047185340   0.000000040   0.966054204   0.964828294   0.961153474   0.955038465   0.946497780   0.935551700   0.922226230   0.906553054   0.888569469   0.868318323   0.845847935   0.821212017   0.794469584   0.765684864   0.734927208   0.702270987   0.667795504   0.631584889   0.593728007   0.554318348   0.513453924   0.471237146   0.427774690   0.383177340   0.337559795   0.291040447   0.243741099   0.195786639   0.147304649   0.098424960   0.049279142   0.000000043   1.011042953   1.009757511   1.005904272   0.999492488   0.990537557   0.979060994   0.965090390   0.948659354   0.929807455   0.908580144

   0.885028672   0.859210002   0.831186706   0.801026870   0.768803976   0.734596793   0.698489261   0.660570361   0.620933995   0.579678845   0.536908227   0.492729938   0.447256075   0.400602835   0.352890291   0.304242125   0.254785324   0.204649835   0.153968164   0.102874937   0.051506411   0.000000044   1.058603613   1.057255553   1.053214641   1.046490678   1.037099978   1.025065334   1.010415973   0.993187498   0.973421821   0.951167078   0.926477544   0.899413529   0.870041270   0.838432814   0.804665893   0.768823790   0.730995204   0.691274097   0.649759541   0.606555555   0.561770919   0.515518990   0.467917482   0.419088238   0.369156962   0.318252931   0.266508667   0.214059568   0.161043509

   0.107600399   0.053871705   0.000000046   1.108861485   1.107447535   1.103209145   1.096156685   1.086307416   1.073685454   1.058321721   1.040253883   1.019526275   0.996189810   0.970301886   0.941926270   0.911132979   0.877998150   0.842603894   0.805038149   0.765394520   0.723772105   0.680275313   0.635013676   0.588101632   0.539658308   0.489807272   0.438676268   0.386396929   0.333104453   0.278937258   0.224036601   0.168546166   0.112611620   0.056380146   0.000000049   1.161948411   1.160465111   1.156018868   1.148620644   1.138288681   1.125048469   1.108932687   1.089981137   1.068240665   1.043765063   1.016614960   0.986857704   0.954567224   0.919823884   0.882714328   0.843331309

   0.801773509   0.758145342   0.712556750   0.665122985   0.615964367   0.565206035   0.512977677   0.459413230   0.404650570   0.348831167   0.292099716   0.234603744   0.176493186   0.117919940   0.059037395   0.000000051   1.218003155   1.216446847   1.211781787   1.204019548   1.193179396   1.179288243   1.162380594   1.142498470   1.119691325   1.094015935   1.065536286   1.034323437   1.000455374   0.964016851   0.925099212   0.883800207   0.840223786   0.794479888   0.746684207   0.696957950   0.645427572   0.592224499   0.537484827   0.481349005   0.423961493   0.365470401   0.306027097   0.245785800   0.184903143   0.123537725   0.061849631   0.000000053   1.277171801   1.275538623   1.270643166

   1.262497641   1.251122376   1.236545766   1.218804213   1.197942048   1.174011431   1.147072247   1.117191967   1.084445511   1.048915084   1.010690002   0.969866498   0.926547518   0.880842500   0.832867136   0.782743116   0.730597866   0.676564253   0.620780288   0.563388796   0.504537077   0.444376542   0.383062323   0.320752875   0.257609542   0.193796112   0.129478355   0.064823540   0.000000056   1.339608160   1.337894037   1.332755964   1.324206820   1.312268037   1.296969555   1.278349752   1.256455362   1.231341371   1.203070895   1.171715038   1.137352741   1.100070604   1.059962694   1.017130341   0.971681911   0.923732562   0.873403994   0.820824164   0.766127000   0.709452090   0.650944349

   0.590753677   0.529034588   0.465945826   0.401649958   0.336312947   0.270103710   0.203193657   0.135756210   0.067966316   0.000000058   1.405474198   1.403674831   1.398281260   1.389307055   1.376774804   1.360716057   1.341171253   1.318189634   1.291829130   1.262156229   1.229245827   1.193181057   1.154053106   1.111961003   1.067011395   1.019318310   0.969002889   0.916193109   0.861023488   0.803634770   0.744173587   0.682792111   0.619647680   0.554902410   0.488722784   0.421279227   0.352745659   0.283299031   0.213118850   0.142386684   0.071285657   0.000000062   1.474940478   1.473051339   1.467388691   1.457966832   1.444809551   1.427950082   1.407431017   1.383304217   1.355630687

   1.324480438   1.289932324   1.252073863   1.211001032   1.166818045   1.119637114   1.069578187   1.016768664   0.961343102   0.903442893   0.843215929   0.780816240   0.716403625   0.650143251   0.582205244   0.512764256   0.441999014   0.370091857   0.297228250   0.223596289   0.149386192   0.074789777   0.000000064   1.548186627   1.546202944   1.540256918   1.530363602   1.516548049   1.498845247   1.477300042   1.451967032   1.422910438   1.390203956   1.353930580   1.314182413   1.271060445   1.224674320   1.175142072   1.122589851   1.067151618   1.008968825   0.948190078   0.884970773   0.819472716   0.751863724   0.682317210   0.611011740   0.538130584   0.463861239   0.388394944   0.311926175

   0.234652130   0.156772197   0.078487415   0.000000068
 Matriz y, linhas--> u, colunas--> v
   0.000000000   0.011281485   0.022512244   0.033641553   0.044618693   0.055392946   0.065913575   0.076129804   0.085990764   0.095445431   0.104442522   0.112930364   0.120856702   0.128168449   0.134811352   0.140729542   0.145864938   0.150156443   0.153538851   0.155941355   0.157285446   0.157481923   0.156426497   0.153993125   0.150023452   0.144309214   0.136560809   0.126345837   0.112952426   0.095018859   0.069095186   0.000065677   0.000000000   0.012164955   0.024277530   0.036285365   0.048136136   0.059777569   0.071157442   0.082223582   0.092923837   0.103206043   0.113017951   0.122307141   0.131020876   0.139105926   0.146508316   0.153172993   0.159043389   0.164060838   0.168163803

   0.171286846   0.173359235   0.174303059   0.174030628   0.172440860   0.169414229   0.164805752   0.158435776   0.150080671   0.139478968   0.126449128   0.111792769   0.102905474   0.000000000   0.013100808   0.026147563   0.039086249   0.051862926   0.064423759   0.076715048   0.088683242   0.100274948   0.111436923   0.122116050   0.132259290   0.141813612   0.150725887   0.158942744   0.166410381   0.173074315   0.178879076   0.183767809   0.187681811   0.190559986   0.192338259   0.192949077   0.192321283   0.190381115   0.187056250   0.182287844   0.176064224   0.168515293   0.160178837   0.152668971   0.149360293   0.000000000   0.014090721   0.028125677   0.042049161   0.055805582   0.069339520

   0.082595776   0.095519416   0.108055811   0.120150665   0.131750036   0.142800342   0.153248357   0.163041196   0.172126282   0.180451307   0.187964188   0.194613034   0.200346147   0.205112108   0.208860051   0.211540286   0.213105633   0.213514129   0.212734446   0.210756765   0.207614742   0.203430027   0.198500287   0.193453691   0.189415774   0.187822629   0.000000000   0.015136409   0.030215283   0.045179164   0.059970758   0.074533008   0.088809170   0.102742890   0.116278274   0.129359952   0.141933148   0.153943741   0.165338330   0.176064303   0.186069918   0.195304408   0.203718127   0.211262769   0.217891718   0.223560601   0.228228206   0.231858000   0.234420676   0.235898459   0.236292444

   0.235635136   0.234011639   0.231594111   0.228691850   0.225803225   0.223607244   0.222776506   0.000000000   0.016239647   0.032419907   0.048481495   0.064365332   0.080012647   0.095365082   0.110364789   0.124954541   0.139077830   0.152678983   0.165703276   0.178097063   0.189807928   0.200784864   0.210978500   0.220341417   0.228828563   0.236397867   0.243011125   0.248635330   0.253244675   0.256823620   0.259371587   0.260910132   0.261493711   0.261225141   0.260275669   0.258905093   0.257466672   0.256366794   0.255953345   0.000000005   0.017402290   0.034743237   0.051961627   0.068996495   0.085787253   0.102273824   0.118396765   0.134097409   0.149318002   0.164001857   0.178093520

   0.191538952   0.204285755   0.216283429   0.227483703   0.237840967   0.247312832   0.255860908   0.263451874   0.270058980   0.275664176   0.280261132   0.283859486   0.286490699   0.288215787   0.289134635   0.289395133   0.289197321   0.288783456   0.288403069   0.288251327   0.000000000   0.018626295   0.037189168   0.055625345   0.073871851   0.091866154   0.109546324   0.126851190   0.143720504   0.160095116   0.175917160   0.191130265   0.205679786   0.219513081   0.232579832   0.244832449   0.256226573   0.266721722   0.276282139   0.284877910   0.292486459   0.299094532   0.304700830   0.309319401   0.312983861   0.315752219   0.317711545   0.318980671   0.319707695   0.320057962   0.320189524

   0.320218956   0.000000000   0.019913746   0.039761842   0.059478810   0.078999510   0.098259313   0.117194281   0.135741350   0.153838517   0.171425046   0.188441689   0.204830925   0.220537233   0.235507402   0.249690903   0.263040329   0.275511934   0.287066309   0.297669225   0.307292705   0.315916383   0.323529199   0.330131495   0.335737491   0.340378014   0.344103114   0.346983799   0.349111566   0.350593932   0.351544224   0.352065328   0.352230196   0.000000000   0.021266874   0.042465702   0.063528629   0.084388179   0.104977451   0.125230316   0.145081623   0.164467413   0.183325149   0.201593958   0.219214898   0.236131262   0.252288908   0.267636657   0.282126747   0.295715384   0.308363389

   0.320037003   0.330708843   0.340359058   0.348976690   0.356561230   0.363124281   0.368691141   0.373301951   0.377011805   0.379889013   0.382010615   0.383454609   0.384289328   0.384561938   0.000000000   0.022688079   0.045305527   0.067781921   0.090047256   0.112032160   0.133668107   0.154887648   0.175624641   0.195814502   0.215394465   0.234303876   0.252484499   0.269880878   0.286440726   0.302115387   0.316860361   0.330635917   0.343407806   0.355148084   0.365836052   0.375459292   0.384014748   0.391509763   0.397962862   0.403404023   0.407874009   0.411422313   0.414103328   0.415970675   0.417070222   0.417433063   0.000000000   0.024179950   0.048286476   0.072246376   0.095986906

   0.119436003   0.142522522   0.165176479   0.187329304   0.208914101   0.229865929   0.250122101   0.269622509   0.288309981   0.306130672   0.323034506   0.338975668   0.353913161   0.367811424   0.380641013   0.392379337   0.403011416   0.412530588   0.420939093   0.428248357   0.434478777   0.439658767   0.443822814   0.447008421   0.449252031   0.450584382   0.451026077   0.000000007   0.025745284   0.051414124   0.076930316   0.102218143   0.127202617   0.151809732   0.175966722   0.199602321   0.222647045   0.245033477   0.266696578   0.287574010   0.307606493   0.326738184   0.344917096   0.362095547   0.378230654   0.393284857   0.407226474   0.420030260   0.431677937   0.442158638   0.451469181

   0.459614059   0.466605006   0.472460000   0.477201596   0.480854553   0.483442925   0.484986912   0.485499995   0.000000000   0.027387103   0.054694500   0.081842743   0.108752895   0.135346795   0.161547320   0.187278652   0.212466558   0.237038676   0.260924807   0.284057232   0.306371031   0.327804436   0.348299193   0.367800946   0.386259658   0.403630030   0.419871949   0.434950930   0.448838531   0.461512722   0.472958137   0.483166157   0.492134752   0.499867968   0.506375018   0.511668904   0.515764621   0.518677061   0.520418853   0.520998457   0.000000000   0.029108670   0.058134117   0.086993389   0.115604072   0.143884567   0.171754363   0.199134318   0.225946945   0.252116705   0.277570311

   0.302237034   0.326049032   0.348941679   0.370853921   0.391728629   0.411512973   0.430158797   0.447622989   0.463867835   0.478861328   0.492577417   0.504996136   0.516103585   0.525891696   0.534357742   0.541503542   0.547334366   0.551857581   0.555081133   0.557012042   0.557655110   0.000000000   0.030913505   0.061740000   0.092392759   0.122785619   0.152833267   0.182451523   0.211557636   0.240070572   0.267911316   0.295003178   0.321272099   0.346646977   0.371059983   0.394446900   0.416747454   0.437905649   0.457870096   0.476594330   0.494037088   0.510162549   0.524940498   0.538346385   0.550361248   0.560971472   0.570168344   0.577947394   0.584307535   0.589250045   0.592777467

   0.594892541   0.595597314   0.000000000   0.032805395   0.065519713   0.098052170   0.130312568   0.162211594   0.193661113   0.224574467   0.254866778   0.284455249   0.313259476   0.341201755   0.368207393   0.394205032   0.419126955   0.442909406   0.465492893   0.486822479   0.506848055   0.525524574   0.542812231   0.558676579   0.573088553   0.586024372   0.597465314   0.607397338   0.615810550   0.622698544   0.628057627   0.631886024   0.634183114   0.634948804   0.000000000   0.034788413   0.069481386   0.103983785   0.138201086   0.172039675   0.205407164   0.238212689   0.270367221   0.301783877   0.332378226   0.362068604   0.390776418   0.418426457   0.444947194   0.470271084   0.494334842

   0.517079715   0.538451714   0.558401817   0.576886120   0.593865920   0.609307724   0.623183157   0.635468770   0.646145725   0.655199381   0.662618781   0.668396083   0.672525969   0.675005098   0.675831663   0.000000000   0.036866920   0.073633734   0.110200653   0.146468517   0.182339112   0.217715486   0.252502260   0.286605949   0.319935271   0.352401461   0.383918582   0.414403832   0.443777847   0.471964992   0.498893647   0.524496473   0.548710655   0.571478124   0.592745731   0.612465383   0.630594112   0.647094088   0.661932536   0.675081586   0.686518027   0.696222986   0.704181537   0.710382283   0.714816921   0.717479847   0.718367838   0.000000000   0.039045584   0.077986082   0.116716733

   0.155133427   0.193133033   0.230613721   0.267475284   0.303619465   0.338950268   0.373374286   0.406801002   0.439143104   0.470316776   0.500241994   0.528842796   0.556047538   0.581789130   0.606005239   0.628638457   0.649636424   0.668951905   0.686542799   0.702372091   0.716407736   0.728622472   0.738993585   0.747502613   0.754135040   0.758879979   0.761729889   0.762680344   0.000000009   0.041329390   0.082548386   0.123546932   0.164215642   0.204446144   0.244131405   0.283166070   0.321446787   0.358872535   0.395344947   0.430768622   0.465051436   0.498104837   0.529844133   0.560188764   0.589062547   0.616393910   0.642116089   0.666167288   0.688490811   0.709035135   0.727753942

   0.744606093   0.759555551   0.772571252   0.783626926   0.792700894   0.799775840   0.804838584   0.807879878   0.808894247   0.000000000   0.043723646   0.087331253   0.130707133   0.173736291   0.216304775   0.258300021   0.299611192   0.340129519   0.379748632   0.418364890   0.455877699   0.492189824   0.527207691   0.560841670   0.593006347   0.623620777   0.652608705   0.679898768   0.705424660   0.729125265   0.750944747   0.770832592   0.788743617   0.804637926   0.818480823   0.830242700   0.839898887   0.847429496   0.852819264   0.856057403   0.857137492   0.000000000   0.046233998   0.092345965   0.138214230   0.183717844   0.228736932   0.273153055   0.316849558   0.359711920   0.401628094

   0.442488843   0.482188070   0.520623130   0.557695136   0.593309252   0.627374962   0.659806327   0.690522210   0.719446483   0.746508199   0.771641733   0.794786884   0.815888944   0.834898727   0.851772560   0.866472239   0.878964961   0.889223227   0.897224740   0.902952298   0.906393691   0.907541628   0.000000000   0.048866441   0.097604497   0.146086159   0.194184161   0.241772352   0.288726065   0.334922479   0.380240978   0.424563502   0.467774895   0.509763235   0.550420163   0.589641192   0.627326002   0.663378724   0.697708193   0.730228188   0.760857643   0.789520827   0.816147500   0.840673033   0.863038492   0.883190699   0.901082247   0.916671497   0.929922544   0.940805168   0.949294773

   0.955372315   0.959024244   0.960242451   0.000000000   0.051627330   0.103119549   0.154341935   0.205160536   0.255442558   0.305056741   0.353873741   0.401766493   0.448610582   0.494284593   0.538670459   0.581653792   0.623124208   0.662975627   0.701106563   0.737420392   0.771825597   0.804235989   0.834570901   0.862755358   0.888720214   0.912402257   0.933744293   0.952695190   0.969209904   0.983249486   0.994781056   1.003777784   1.010218852   1.014089419   1.015380593   0.000000000   0.054523393   0.108904563   0.163001688   0.216673747   0.269780920   0.322184982   0.373749691   0.424341173   0.473828299   0.522083051   0.568980882   0.614401057   0.658226987   0.700346544   0.740652361

   0.779042105   0.815418742   0.849690764   0.881772402   0.911583808   0.939051210   0.964107042   0.986690041   1.006745329   1.024224459   1.039085447   1.051292787   1.060817452   1.067636881   1.071734974   1.073102075   0.000000000   0.057561747   0.114973757   0.172086706   0.228752109   0.284822726   0.340152971   0.394599326   0.448020727   0.500278967   0.551239067   0.600769652   0.648743310   0.695036932   0.739532043   0.782115114   0.822677848   0.861117458   0.897336910   0.931245149   0.962757297   0.991794829   1.018285722   1.042164574   1.063372705   1.081858234   1.097576136   1.110488273   1.120563430   1.127777320   1.132112593   1.133558838   0.000000000   0.060749909   0.121342148

   0.181619480   0.241425535   0.300605245   0.359005262   0.416474388   0.472863983   0.528028376   0.581825257   0.634116068   0.684766372   0.733646212   0.780630457   0.825599121   0.868437675   0.909037330   0.947295300   0.983115045   1.016406485   1.047086193   1.075077564   1.100310960   1.122723825   1.142260788   1.158873741   1.172521896   1.183171833   1.190797533   1.195380395   1.196909255   0.000000000   0.064095815   0.128025591   0.191623745   0.254725595   0.317167814   0.378788872   0.439429476   0.498933003   0.557145921   0.613918205   0.669103738   0.722560702   0.774151948   0.823745360   0.871214195   0.916437402   0.959299928   0.999692994   1.037514357   1.072668542   1.105067054

   1.134628565   1.161279075   1.184952057   1.205588573   1.223137371   1.237554969   1.248805711   1.256861823   1.261703440   1.263318637   0.000000000   0.067607833   0.135040809   0.202124540   0.268685586   0.334551917   0.399553380   0.463522157   0.526293216   0.587704752   0.647598621   0.705820758   0.762221587   0.816656412   0.868985791   0.919075897   0.966798858   1.012033074   1.054663519   1.094582010   1.131687467   1.165886139   1.197091811   1.225225983   1.250218038   1.272005370   1.290533508   1.305756210   1.317635539   1.326141930   1.331254232   1.332959743   0.000000000   0.071294789   0.142405427   0.213148256   0.283340604   0.352801277   0.421351038   0.488813095   0.555013562

   0.619781931   0.682951516   0.744359900   0.803849355   0.861267258   0.916466486   0.969305790   1.019650154   1.067371135   1.112347181   1.154463920   1.193614435   1.229699513   1.262627869   1.292316346   1.318690097   1.341682734   1.361236468   1.377302218   1.389839708   1.398817533   1.404213226   1.406013289   0.000000000   0.075165979   0.150138019   0.224722698   0.298727625   0.371961954   0.444236888   0.515366184   0.585166645   0.653458604   0.720066396   0.784818820   0.847549590   0.908097761   0.966308146   1.022031718   1.075125980   1.125455330   1.172891394   1.217313337   1.258608160   1.296670964   1.331405190   1.362722848   1.390544702   1.414800452   1.435428878   1.452377969

   1.465605029   1.475076766   1.480769350   1.482668468
