  0.000000   0.000000   0.000000   0.000000   0.000000   0.000000   0.000000   0.000000   0.000000   0.000000   0.000000   0.000000   0.000000   0.000000   0.000000   0.000000   0.000000   0.000000   0.000000   0.000000   0.000000   0.000000   0.000000   0.000000   0.000000   0.000000   0.000000   0.000000   0.000000   0.000000   0.000000   0.000000 
  0.015921   0.016153   0.016386   0.016619   0.016851   0.017084   0.017316   0.017549   0.017781   0.018014   0.018247   0.018479   0.018712   0.018944   0.019177   0.019410   0.019642   0.019875   0.020107   0.020340   0.020572   0.020805   0.021038   0.021270   0.021503   0.021735   0.021968   0.022201   0.022433   0.022666   0.022898   0.023131 
  0.032048   0.032516   0.032984   0.033453   0.033921   0.034389   0.034857   0.035325   0.035793   0.036262   0.036730   0.037198   0.037666   0.038134   0.038603   0.039071   0.039539   0.040007   0.040475   0.040943   0.041412   0.041880   0.042348   0.042816   0.043284   0.043753   0.044221   0.044689   0.045157   0.045625   0.046093   0.046562 
  0.048588   0.049298   0.050008   0.050717   0.051427   0.052137   0.052847   0.053557   0.054266   0.054976   0.055686   0.056396   0.057106   0.057815   0.058525   0.059235   0.059945   0.060655   0.061364   0.062074   0.062784   0.063494   0.064204   0.064913   0.065623   0.066333   0.067043   0.067753   0.068462   0.069172   0.069882   0.070592 
  0.065745   0.066706   0.067666   0.068627   0.069587   0.070547   0.071508   0.072468   0.073429   0.074389   0.075350   0.076310   0.077271   0.078231   0.079191   0.080152   0.081112   0.082073   0.083033   0.083994   0.084954   0.085915   0.086875   0.087836   0.088796   0.089756   0.090717   0.091677   0.092638   0.093598   0.094559   0.095519 
  0.083720   0.084943   0.086166   0.087389   0.088612   0.089835   0.091058   0.092281   0.093504   0.094727   0.095950   0.097173   0.098396   0.099619   0.100842   0.102065   0.103288   0.104511   0.105734   0.106957   0.108180   0.109403   0.110626   0.111849   0.113072   0.114295   0.115518   0.116741   0.117964   0.119187   0.120410   0.121634 
  0.102699   0.104200   0.105700   0.107200   0.108701   0.110201   0.111701   0.113201   0.114702   0.116202   0.117702   0.119203   0.120703   0.122203   0.123704   0.125204   0.126704   0.128204   0.129705   0.131205   0.132705   0.134206   0.135706   0.137206   0.138707   0.140207   0.141707   0.143208   0.144708   0.146208   0.147708   0.149209 
  0.122852   0.124647   0.126441   0.128236   0.130031   0.131826   0.133620   0.135415   0.137210   0.139004   0.140799   0.142594   0.144389   0.146183   0.147978   0.149773   0.151567   0.153362   0.155157   0.156951   0.158746   0.160541   0.162336   0.164130   0.165925   0.167720   0.169514   0.171309   0.173104   0.174899   0.176693   0.178488 
  0.144312   0.146420   0.148528   0.150637   0.152745   0.154853   0.156961   0.159069   0.161178   0.163286   0.165394   0.167502   0.169610   0.171719   0.173827   0.175935   0.178043   0.180151   0.182260   0.184368   0.186476   0.188584   0.190693   0.192801   0.194909   0.197017   0.199125   0.201234   0.203342   0.205450   0.207558   0.209666 
  0.167167   0.169609   0.172051   0.174493   0.176935   0.179377   0.181819   0.184262   0.186704   0.189146   0.191588   0.194030   0.196472   0.198914   0.201356   0.203798   0.206240   0.208682   0.211125   0.213567   0.216009   0.218451   0.220893   0.223335   0.225777   0.228219   0.230661   0.233103   0.235545   0.237988   0.240430   0.242872 
  0.191447   0.194244   0.197041   0.199837   0.202634   0.205431   0.208228   0.211025   0.213821   0.216618   0.219415   0.222212   0.225009   0.227805   0.230602   0.233399   0.236196   0.238992   0.241789   0.244586   0.247383   0.250180   0.252976   0.255773   0.258570   0.261367   0.264164   0.266960   0.269757   0.272554   0.275351   0.278148 
  0.217117   0.220288   0.223460   0.226632   0.229804   0.232976   0.236147   0.239319   0.242491   0.245663   0.248835   0.252006   0.255178   0.258350   0.261522   0.264694   0.267865   0.271037   0.274209   0.277381   0.280553   0.283724   0.286896   0.290068   0.293240   0.296411   0.299583   0.302755   0.305927   0.309099   0.312270   0.315442 
  0.244073   0.247639   0.251204   0.254770   0.258335   0.261901   0.265466   0.269032   0.272598   0.276163   0.279729   0.283294   0.286860   0.290426   0.293991   0.297557   0.301122   0.304688   0.308254   0.311819   0.315385   0.318950   0.322516   0.326081   0.329647   0.333213   0.336778   0.340344   0.343909   0.347475   0.351041   0.354606 
  0.272150   0.276125   0.280101   0.284077   0.288053   0.292028   0.296004   0.299980   0.303956   0.307931   0.311907   0.315883   0.319859   0.323834   0.327810   0.331786   0.335762   0.339737   0.343713   0.347689   0.351665   0.355640   0.359616   0.363592   0.367568   0.371543   0.375519   0.379495   0.383471   0.387446   0.391422   0.395398 
  0.301126   0.305525   0.309924   0.314323   0.318722   0.323121   0.327520   0.331919   0.336318   0.340717   0.345116   0.349515   0.353914   0.358313   0.362712   0.367111   0.371511   0.375910   0.380309   0.384708   0.389107   0.393506   0.397905   0.402304   0.406703   0.411102   0.415501   0.419900   0.424299   0.428698   0.433097   0.437496 
  0.330737   0.335569   0.340400   0.345232   0.350064   0.354895   0.359727   0.364559   0.369390   0.374222   0.379053   0.383885   0.388717   0.393548   0.398380   0.403212   0.408043   0.412875   0.417707   0.422538   0.427370   0.432201   0.437033   0.441865   0.446696   0.451528   0.456360   0.461191   0.466023   0.470855   0.475686   0.480518 
  0.360688   0.365957   0.371227   0.376496   0.381765   0.387034   0.392303   0.397573   0.402842   0.408111   0.413380   0.418649   0.423918   0.429188   0.434457   0.439726   0.444995   0.450264   0.455534   0.460803   0.466072   0.471341   0.476610   0.481880   0.487149   0.492418   0.497687   0.502956   0.508225   0.513495   0.518764   0.524033 
  0.390664   0.396371   0.402078   0.407785   0.413492   0.419199   0.424906   0.430613   0.436320   0.442027   0.447735   0.453442   0.459149   0.464856   0.470563   0.476270   0.481977   0.487684   0.493391   0.499098   0.504805   0.510512   0.516220   0.521927   0.527634   0.533341   0.539048   0.544755   0.550462   0.556169   0.561876   0.567583 
  0.420337   0.426478   0.432618   0.438759   0.444900   0.451040   0.457181   0.463321   0.469462   0.475602   0.481743   0.487884   0.494024   0.500165   0.506305   0.512446   0.518587   0.524727   0.530868   0.537008   0.543149   0.549289   0.555430   0.561571   0.567711   0.573852   0.579992   0.586133   0.592273   0.598414   0.604555   0.610695 
  0.449381   0.455946   0.462511   0.469076   0.475641   0.482205   0.488770   0.495335   0.501900   0.508465   0.515030   0.521595   0.528159   0.534724   0.541289   0.547854   0.554419   0.560984   0.567549   0.574114   0.580678   0.587243   0.593808   0.600373   0.606938   0.613503   0.620068   0.626633   0.633197   0.639762   0.646327   0.652892 
  0.477471   0.484447   0.491422   0.498397   0.505372   0.512347   0.519323   0.526298   0.533273   0.540248   0.547224   0.554199   0.561174   0.568149   0.575125   0.582100   0.589075   0.596050   0.603026   0.610001   0.616976   0.623951   0.630926   0.637902   0.644877   0.651852   0.658827   0.665803   0.672778   0.679753   0.686728   0.693704 
  0.504294   0.511662   0.519029   0.526396   0.533763   0.541130   0.548497   0.555864   0.563231   0.570598   0.577965   0.585332   0.592699   0.600067   0.607434   0.614801   0.622168   0.629535   0.636902   0.644269   0.651636   0.659003   0.666370   0.673737   0.681104   0.688472   0.695839   0.703206   0.710573   0.717940   0.725307   0.732674 
  0.529551   0.537287   0.545023   0.552759   0.560495   0.568231   0.575967   0.583703   0.591440   0.599176   0.606912   0.614648   0.622384   0.630120   0.637856   0.645592   0.653328   0.661064   0.668800   0.676536   0.684272   0.692008   0.699744   0.707480   0.715216   0.722952   0.730688   0.738425   0.746161   0.753897   0.761633   0.769369 
  0.552960   0.561038   0.569116   0.577194   0.585273   0.593351   0.601429   0.609507   0.617585   0.625663   0.633741   0.641819   0.649897   0.657975   0.666053   0.674131   0.682209   0.690287   0.698365   0.706443   0.714521   0.722599   0.730677   0.738755   0.746833   0.754911   0.762989   0.771067   0.779145   0.787223   0.795301   0.803379 
  0.574263   0.582652   0.591041   0.599430   0.607820   0.616209   0.624598   0.632987   0.641376   0.649766   0.658155   0.666544   0.674933   0.683323   0.691712   0.700101   0.708490   0.716879   0.725269   0.733658   0.742047   0.750436   0.758826   0.767215   0.775604   0.783993   0.792383   0.800772   0.809161   0.817550   0.825939   0.834329 
  0.593222   0.601889   0.610555   0.619221   0.627887   0.636553   0.645220   0.653886   0.662552   0.671218   0.679884   0.688551   0.697217   0.705883   0.714549   0.723215   0.731882   0.740548   0.749214   0.757880   0.766546   0.775213   0.783879   0.792545   0.801211   0.809878   0.818544   0.827210   0.835876   0.844542   0.853209   0.861875 
  0.609631   0.618537   0.627443   0.636349   0.645255   0.654160   0.663066   0.671972   0.680878   0.689784   0.698690   0.707596   0.716502   0.725408   0.734314   0.743220   0.752125   0.761031   0.769937   0.778843   0.787749   0.796655   0.805561   0.814467   0.823373   0.832279   0.841185   0.850091   0.858996   0.867902   0.876808   0.885714 
  0.623308   0.632414   0.641519   0.650625   0.659731   0.668837   0.677942   0.687048   0.696154   0.705259   0.714365   0.723471   0.732577   0.741682   0.750788   0.759894   0.768999   0.778105   0.787211   0.796317   0.805422   0.814528   0.823634   0.832739   0.841845   0.850951   0.860057   0.869162   0.878268   0.887374   0.896479   0.905585 
  0.634104   0.643367   0.652631   0.661894   0.671157   0.680421   0.689684   0.698948   0.708211   0.717475   0.726738   0.736001   0.745265   0.754528   0.763792   0.773055   0.782319   0.791582   0.800845   0.810109   0.819372   0.828636   0.837899   0.847163   0.856426   0.865689   0.874953   0.884216   0.893480   0.902743   0.912007   0.921270 
  0.641900   0.651278   0.660655   0.670032   0.679410   0.688787   0.698164   0.707541   0.716919   0.726296   0.735673   0.745051   0.754428   0.763805   0.773183   0.782560   0.791937   0.801315   0.810692   0.820069   0.829447   0.838824   0.848201   0.857579   0.866956   0.876333   0.885711   0.895088   0.904465   0.913843   0.923220   0.932597 
  0.646612   0.656059   0.665505   0.674951   0.684397   0.693843   0.703289   0.712736   0.722182   0.731628   0.741074   0.750520   0.759966   0.769413   0.778859   0.788305   0.797751   0.807197   0.816643   0.826089   0.835536   0.844982   0.854428   0.863874   0.873320   0.882766   0.892213   0.901659   0.911105   0.920551   0.929997   0.939443 
  0.648189   0.657658   0.667127   0.676596   0.686066   0.695535   0.705004   0.714473   0.723942   0.733412   0.742881   0.752350   0.761819   0.771288   0.780758   0.790227   0.799696   0.809165   0.818634   0.828104   0.837573   0.847042   0.856511   0.865980   0.875449   0.884919   0.894388   0.903857   0.913326   0.922795   0.932265   0.941734 
  0.646612   0.656059   0.665505   0.674951   0.684397   0.693843   0.703289   0.712736   0.722182   0.731628   0.741074   0.750520   0.759966   0.769413   0.778859   0.788305   0.797751   0.807197   0.816643   0.826089   0.835536   0.844982   0.854428   0.863874   0.873320   0.882766   0.892213   0.901659   0.911105   0.920551   0.929997   0.939443 
  0.641900   0.651278   0.660655   0.670032   0.679410   0.688787   0.698164   0.707541   0.716919   0.726296   0.735673   0.745051   0.754428   0.763805   0.773183   0.782560   0.791937   0.801315   0.810692   0.820069   0.829447   0.838824   0.848201   0.857579   0.866956   0.876333   0.885711   0.895088   0.904465   0.913843   0.923220   0.932597 
  0.634104   0.643367   0.652631   0.661894   0.671157   0.680421   0.689684   0.698948   0.708211   0.717475   0.726738   0.736001   0.745265   0.754528   0.763792   0.773055   0.782319   0.791582   0.800845   0.810109   0.819372   0.828636   0.837899   0.847163   0.856426   0.865689   0.874953   0.884216   0.893480   0.902743   0.912007   0.921270 
  0.623308   0.632414   0.641519   0.650625   0.659731   0.668837   0.677942   0.687048   0.696154   0.705259   0.714365   0.723471   0.732577   0.741682   0.750788   0.759894   0.768999   0.778105   0.787211   0.796317   0.805422   0.814528   0.823634   0.832739   0.841845   0.850951   0.860057   0.869162   0.878268   0.887374   0.896479   0.905585 
  0.609631   0.618537   0.627443   0.636349   0.645255   0.654160   0.663066   0.671972   0.680878   0.689784   0.698690   0.707596   0.716502   0.725408   0.734314   0.743220   0.752125   0.761031   0.769937   0.778843   0.787749   0.796655   0.805561   0.814467   0.823373   0.832279   0.841185   0.850091   0.858996   0.867902   0.876808   0.885714 
  0.593222   0.601889   0.610555   0.619221   0.627887   0.636553   0.645220   0.653886   0.662552   0.671218   0.679884   0.688551   0.697217   0.705883   0.714549   0.723215   0.731882   0.740548   0.749214   0.757880   0.766546   0.775213   0.783879   0.792545   0.801211   0.809878   0.818544   0.827210   0.835876   0.844542   0.853209   0.861875 
  0.574263   0.582652   0.591041   0.599430   0.607820   0.616209   0.624598   0.632987   0.641376   0.649766   0.658155   0.666544   0.674933   0.683323   0.691712   0.700101   0.708490   0.716879   0.725269   0.733658   0.742047   0.750436   0.758826   0.767215   0.775604   0.783993   0.792383   0.800772   0.809161   0.817550   0.825939   0.834329 
  0.552960   0.561038   0.569116   0.577194   0.585273   0.593351   0.601429   0.609507   0.617585   0.625663   0.633741   0.641819   0.649897   0.657975   0.666053   0.674131   0.682209   0.690287   0.698365   0.706443   0.714521   0.722599   0.730677   0.738755   0.746833   0.754911   0.762989   0.771067   0.779145   0.787223   0.795301   0.803379 
  0.529551   0.537287   0.545023   0.552759   0.560495   0.568231   0.575967   0.583703   0.591440   0.599176   0.606912   0.614648   0.622384   0.630120   0.637856   0.645592   0.653328   0.661064   0.668800   0.676536   0.684272   0.692008   0.699744   0.707480   0.715216   0.722952   0.730688   0.738425   0.746161   0.753897   0.761633   0.769369 
  0.504294   0.511662   0.519029   0.526396   0.533763   0.541130   0.548497   0.555864   0.563231   0.570598   0.577965   0.585332   0.592699   0.600067   0.607434   0.614801   0.622168   0.629535   0.636902   0.644269   0.651636   0.659003   0.666370   0.673737   0.681104   0.688472   0.695839   0.703206   0.710573   0.717940   0.725307   0.732674 
  0.477471   0.484447   0.491422   0.498397   0.505372   0.512347   0.519323   0.526298   0.533273   0.540248   0.547224   0.554199   0.561174   0.568149   0.575125   0.582100   0.589075   0.596050   0.603026   0.610001   0.616976   0.623951   0.630926   0.637902   0.644877   0.651852   0.658827   0.665803   0.672778   0.679753   0.686728   0.693704 
  0.449381   0.455946   0.462511   0.469076   0.475641   0.482205   0.488770   0.495335   0.501900   0.508465   0.515030   0.521595   0.528159   0.534724   0.541289   0.547854   0.554419   0.560984   0.567549   0.574114   0.580678   0.587243   0.593808   0.600373   0.606938   0.613503   0.620068   0.626633   0.633197   0.639762   0.646327   0.652892 
  0.420337   0.426478   0.432618   0.438759   0.444900   0.451040   0.457181   0.463321   0.469462   0.475602   0.481743   0.487884   0.494024   0.500165   0.506305   0.512446   0.518587   0.524727   0.530868   0.537008   0.543149   0.549289   0.555430   0.561571   0.567711   0.573852   0.579992   0.586133   0.592273   0.598414   0.604555   0.610695 
  0.390664   0.396371   0.402078   0.407785   0.413492   0.419199   0.424906   0.430613   0.436320   0.442027   0.447735   0.453442   0.459149   0.464856   0.470563   0.476270   0.481977   0.487684   0.493391   0.499098   0.504805   0.510512   0.516220   0.521927   0.527634   0.533341   0.539048   0.544755   0.550462   0.556169   0.561876   0.567583 
  0.360688   0.365957   0.371227   0.376496   0.381765   0.387034   0.392303   0.397573   0.402842   0.408111   0.413380   0.418649   0.423918   0.429188   0.434457   0.439726   0.444995   0.450264   0.455534   0.460803   0.466072   0.471341   0.476610   0.481880   0.487149   0.492418   0.497687   0.502956   0.508225   0.513495   0.518764   0.524033 
  0.330737   0.335569   0.340400   0.345232   0.350064   0.354895   0.359727   0.364559   0.369390   0.374222   0.379053   0.383885   0.388717   0.393548   0.398380   0.403212   0.408043   0.412875   0.417707   0.422538   0.427370   0.432201   0.437033   0.441865   0.446696   0.451528   0.456360   0.461191   0.466023   0.470855   0.475686   0.480518 
  0.301126   0.305525   0.309924   0.314323   0.318722   0.323121   0.327520   0.331919   0.336318   0.340717   0.345116   0.349515   0.353914   0.358313   0.362712   0.367111   0.371511   0.375910   0.380309   0.384708   0.389107   0.393506   0.397905   0.402304   0.406703   0.411102   0.415501   0.419900   0.424299   0.428698   0.433097   0.437496 
  0.272150   0.276125   0.280101   0.284077   0.288053   0.292028   0.296004   0.299980   0.303956   0.307931   0.311907   0.315883   0.319859   0.323834   0.327810   0.331786   0.335762   0.339737   0.343713   0.347689   0.351665   0.355640   0.359616   0.363592   0.367568   0.371543   0.375519   0.379495   0.383471   0.387446   0.391422   0.395398 
  0.244073   0.247639   0.251204   0.254770   0.258335   0.261901   0.265466   0.269032   0.272598   0.276163   0.279729   0.283294   0.286860   0.290426   0.293991   0.297557   0.301122   0.304688   0.308254   0.311819   0.315385   0.318950   0.322516   0.326081   0.329647   0.333213   0.336778   0.340344   0.343909   0.347475   0.351041   0.354606 
  0.217117   0.220288   0.223460   0.226632   0.229804   0.232976   0.236147   0.239319   0.242491   0.245663   0.248835   0.252006   0.255178   0.258350   0.261522   0.264694   0.267865   0.271037   0.274209   0.277381   0.280553   0.283724   0.286896   0.290068   0.293240   0.296411   0.299583   0.302755   0.305927   0.309099   0.312270   0.315442 
  0.191447   0.194244   0.197041   0.199837   0.202634   0.205431   0.208228   0.211025   0.213821   0.216618   0.219415   0.222212   0.225009   0.227805   0.230602   0.233399   0.236196   0.238992   0.241789   0.244586   0.247383   0.250180   0.252976   0.255773   0.258570   0.261367   0.264164   0.266960   0.269757   0.272554   0.275351   0.278148 
  0.167167   0.169609   0.172051   0.174493   0.176935   0.179377   0.181819   0.184262   0.186704   0.189146   0.191588   0.194030   0.196472   0.198914   0.201356   0.203798   0.206240   0.208682   0.211125   0.213567   0.216009   0.218451   0.220893   0.223335   0.225777   0.228219   0.230661   0.233103   0.235545   0.237988   0.240430   0.242872 
  0.144312   0.146420   0.148528   0.150637   0.152745   0.154853   0.156961   0.159069   0.161178   0.163286   0.165394   0.167502   0.169610   0.171719   0.173827   0.175935   0.178043   0.180151   0.182260   0.184368   0.186476   0.188584   0.190693   0.192801   0.194909   0.197017   0.199125   0.201234   0.203342   0.205450   0.207558   0.209666 
  0.122852   0.124647   0.126441   0.128236   0.130031   0.131826   0.133620   0.135415   0.137210   0.139004   0.140799   0.142594   0.144389   0.146183   0.147978   0.149773   0.151567   0.153362   0.155157   0.156951   0.158746   0.160541   0.162336   0.164130   0.165925   0.167720   0.169514   0.171309   0.173104   0.174899   0.176693   0.178488 
  0.102699   0.104200   0.105700   0.107200   0.108701   0.110201   0.111701   0.113201   0.114702   0.116202   0.117702   0.119203   0.120703   0.122203   0.123704   0.125204   0.126704   0.128204   0.129705   0.131205   0.132705   0.134206   0.135706   0.137206   0.138707   0.140207   0.141707   0.143208   0.144708   0.146208   0.147708   0.149209 
  0.083720   0.084943   0.086166   0.087389   0.088612   0.089835   0.091058   0.092281   0.093504   0.094727   0.095950   0.097173   0.098396   0.099619   0.100842   0.102065   0.103288   0.104511   0.105734   0.106957   0.108180   0.109403   0.110626   0.111849   0.113072   0.114295   0.115518   0.116741   0.117964   0.119187   0.120410   0.121634 
  0.065745   0.066706   0.067666   0.068627   0.069587   0.070547   0.071508   0.072468   0.073429   0.074389   0.075350   0.076310   0.077271   0.078231   0.079191   0.080152   0.081112   0.082073   0.083033   0.083994   0.084954   0.085915   0.086875   0.087836   0.088796   0.089756   0.090717   0.091677   0.092638   0.093598   0.094559   0.095519 
  0.048588   0.049298   0.050008   0.050717   0.051427   0.052137   0.052847   0.053557   0.054266   0.054976   0.055686   0.056396   0.057106   0.057815   0.058525   0.059235   0.059945   0.060655   0.061364   0.062074   0.062784   0.063494   0.064204   0.064913   0.065623   0.066333   0.067043   0.067753   0.068462   0.069172   0.069882   0.070592 
  0.032048   0.032516   0.032984   0.033453   0.033921   0.034389   0.034857   0.035325   0.035793   0.036262   0.036730   0.037198   0.037666   0.038134   0.038603   0.039071   0.039539   0.040007   0.040475   0.040943   0.041412   0.041880   0.042348   0.042816   0.043284   0.043753   0.044221   0.044689   0.045157   0.045625   0.046093   0.046562 
  0.015921   0.016153   0.016386   0.016619   0.016851   0.017084   0.017316   0.017549   0.017781   0.018014   0.018247   0.018479   0.018712   0.018944   0.019177   0.019410   0.019642   0.019875   0.020107   0.020340   0.020572   0.020805   0.021038   0.021270   0.021503   0.021735   0.021968   0.022201   0.022433   0.022666   0.022898   0.023131 
  0.000000   0.000000   0.000000   0.000000   0.000000   0.000000   0.000000   0.000000   0.000000   0.000000   0.000000   0.000000   0.000000   0.000000   0.000000   0.000000   0.000000   0.000000   0.000000   0.000000   0.000000   0.000000   0.000000   0.000000   0.000000   0.000000   0.000000   0.000000   0.000000   0.000000   0.000000   0.000000 

0.313521   0.318102   0.322682   0.327262   0.331842   0.336422   0.341002   0.345582   0.350163   0.354743   0.359323   0.363903   0.368483   0.373063   0.377643   0.382224   0.386804   0.391384   0.395964   0.400544   0.405124   0.409704   0.414285   0.418865   0.423445   0.428025   0.432605   0.437185   0.441765   0.446346   0.450926   0.455506 
  0.313931   0.318518   0.323104   0.327690   0.332276   0.336862   0.341448   0.346034   0.350621   0.355207   0.359793   0.364379   0.368965   0.373551   0.378137   0.382723   0.387310   0.391896   0.396482   0.401068   0.405654   0.410240   0.414826   0.419412   0.423999   0.428585   0.433171   0.437757   0.442343   0.446929   0.451515   0.456102 
  0.315154   0.319758   0.324362   0.328966   0.333570   0.338174   0.342778   0.347382   0.351986   0.356590   0.361194   0.365798   0.370402   0.375006   0.379610   0.384214   0.388818   0.393422   0.398026   0.402630   0.407234   0.411838   0.416442   0.421046   0.425650   0.430254   0.434858   0.439462   0.444066   0.448670   0.453274   0.457878 
  0.317165   0.321799   0.326432   0.331065   0.335699   0.340332   0.344965   0.349599   0.354232   0.358866   0.363499   0.368132   0.372766   0.377399   0.382032   0.386666   0.391299   0.395932   0.400566   0.405199   0.409833   0.414466   0.419099   0.423733   0.428366   0.432999   0.437633   0.442266   0.446900   0.451533   0.456166   0.460800 
  0.319920   0.324593   0.329267   0.333941   0.338614   0.343288   0.347961   0.352635   0.357309   0.361982   0.366656   0.371329   0.376003   0.380677   0.385350   0.390024   0.394697   0.399371   0.404045   0.408718   0.413392   0.418065   0.422739   0.427413   0.432086   0.436760   0.441434   0.446107   0.450781   0.455454   0.460128   0.464802 
  0.323344   0.328067   0.332791   0.337515   0.342238   0.346962   0.351686   0.356409   0.361133   0.365856   0.370580   0.375304   0.380027   0.384751   0.389475   0.394198   0.398922   0.403646   0.408369   0.413093   0.417816   0.422540   0.427264   0.431987   0.436711   0.441435   0.446158   0.450882   0.455605   0.460329   0.465053   0.469776 
  0.327326   0.332108   0.336890   0.341672   0.346454   0.351235   0.356017   0.360799   0.365581   0.370363   0.375145   0.379926   0.384708   0.389490   0.394272   0.399054   0.403835   0.408617   0.413399   0.418181   0.422963   0.427744   0.432526   0.437308   0.442090   0.446872   0.451654   0.456435   0.461217   0.465999   0.470781   0.475563 
  0.331710   0.336556   0.341402   0.346248   0.351094   0.355940   0.360786   0.365631   0.370477   0.375323   0.380169   0.385015   0.389861   0.394707   0.399552   0.404398   0.409244   0.414090   0.418936   0.423782   0.428627   0.433473   0.438319   0.443165   0.448011   0.452857   0.457703   0.462548   0.467394   0.472240   0.477086   0.481932 
  0.336287   0.341199   0.346112   0.351025   0.355937   0.360850   0.365763   0.370675   0.375588   0.380501   0.385414   0.390326   0.395239   0.400152   0.405064   0.409977   0.414890   0.419803   0.424715   0.429628   0.434541   0.439453   0.444366   0.449279   0.454192   0.459104   0.464017   0.468930   0.473842   0.478755   0.483668   0.488580 
  0.340793   0.345771   0.350750   0.355729   0.360707   0.365686   0.370664   0.375643   0.380621   0.385600   0.390578   0.395557   0.400535   0.405514   0.410493   0.415471   0.420450   0.425428   0.430407   0.435385   0.440364   0.445342   0.450321   0.455299   0.460278   0.465256   0.470235   0.475214   0.480192   0.485171   0.490149   0.495128 
  0.344921   0.349960   0.354999   0.360038   0.365077   0.370116   0.375155   0.380193   0.385232   0.390271   0.395310   0.400349   0.405388   0.410427   0.415465   0.420504   0.425543   0.430582   0.435621   0.440660   0.445699   0.450737   0.455776   0.460815   0.465854   0.470893   0.475932   0.480970   0.486009   0.491048   0.496087   0.501126 
  0.348332   0.353420   0.358509   0.363598   0.368686   0.373775   0.378864   0.383952   0.389041   0.394130   0.399218   0.404307   0.409396   0.414484   0.419573   0.424662   0.429750   0.434839   0.439928   0.445016   0.450105   0.455194   0.460282   0.465371   0.470460   0.475548   0.480637   0.485726   0.490814   0.495903   0.500992   0.506080 
  0.350669   0.355792   0.360915   0.366038   0.371160   0.376283   0.381406   0.386529   0.391652   0.396775   0.401897   0.407020   0.412143   0.417266   0.422389   0.427512   0.432634   0.437757   0.442880   0.448003   0.453126   0.458248   0.463371   0.468494   0.473617   0.478740   0.483863   0.488985   0.494108   0.499231   0.504354   0.509477 
  0.351588   0.356725   0.361861   0.366997   0.372133   0.377270   0.382406   0.387542   0.392678   0.397815   0.402951   0.408087   0.413223   0.418359   0.423496   0.428632   0.433768   0.438904   0.444041   0.449177   0.454313   0.459449   0.464586   0.469722   0.474858   0.479994   0.485131   0.490267   0.495403   0.500539   0.505676   0.510812 
  0.350769   0.355894   0.361018   0.366142   0.371267   0.376391   0.381515   0.386639   0.391764   0.396888   0.402012   0.407137   0.412261   0.417385   0.422509   0.427634   0.432758   0.437882   0.443007   0.448131   0.453255   0.458379   0.463504   0.468628   0.473752   0.478877   0.484001   0.489125   0.494249   0.499374   0.504498   0.509622 
  0.347935   0.353018   0.358101   0.363184   0.368267   0.373350   0.378432   0.383515   0.388598   0.393681   0.398764   0.403847   0.408930   0.414013   0.419096   0.424178   0.429261   0.434344   0.439427   0.444510   0.449593   0.454676   0.459759   0.464841   0.469924   0.475007   0.480090   0.485173   0.490256   0.495339   0.500422   0.505504 
  0.342860   0.347868   0.352877   0.357886   0.362895   0.367903   0.372912   0.377921   0.382930   0.387938   0.392947   0.397956   0.402965   0.407973   0.412982   0.417991   0.423000   0.428008   0.433017   0.438026   0.443034   0.448043   0.453052   0.458061   0.463069   0.468078   0.473087   0.478096   0.483104   0.488113   0.493122   0.498131 
  0.335374   0.340273   0.345172   0.350072   0.354971   0.359871   0.364770   0.369669   0.374569   0.379468   0.384367   0.389267   0.394166   0.399066   0.403965   0.408864   0.413764   0.418663   0.423562   0.428462   0.433361   0.438261   0.443160   0.448059   0.452959   0.457858   0.462757   0.467657   0.472556   0.477456   0.482355   0.487254 
  0.325365   0.330118   0.334872   0.339625   0.344378   0.349131   0.353884   0.358637   0.363391   0.368144   0.372897   0.377650   0.382403   0.387156   0.391910   0.396663   0.401416   0.406169   0.410922   0.415675   0.420429   0.425182   0.429935   0.434688   0.439441   0.444194   0.448947   0.453701   0.458454   0.463207   0.467960   0.472713 
  0.312778   0.317348   0.321917   0.326486   0.331056   0.335625   0.340194   0.344763   0.349333   0.353902   0.358471   0.363041   0.367610   0.372179   0.376748   0.381318   0.385887   0.390456   0.395026   0.399595   0.404164   0.408733   0.413303   0.417872   0.422441   0.427011   0.431580   0.436149   0.440718   0.445288   0.449857   0.454426 
  0.297610   0.301958   0.306306   0.310653   0.315001   0.319349   0.323696   0.328044   0.332392   0.336739   0.341087   0.345435   0.349782   0.354130   0.358478   0.362826   0.367173   0.371521   0.375869   0.380216   0.384564   0.388912   0.393259   0.397607   0.401955   0.406303   0.410650   0.414998   0.419346   0.423693   0.428041   0.432389 
  0.279906   0.283995   0.288084   0.292173   0.296263   0.300352   0.304441   0.308530   0.312619   0.316708   0.320797   0.324886   0.328975   0.333064   0.337153   0.341242   0.345331   0.349420   0.353509   0.357598   0.361688   0.365777   0.369866   0.373955   0.378044   0.382133   0.386222   0.390311   0.394400   0.398489   0.402578   0.406667 
  0.259757   0.263552   0.267347   0.271141   0.274936   0.278731   0.282526   0.286320   0.290115   0.293910   0.297704   0.301499   0.305294   0.309089   0.312883   0.316678   0.320473   0.324267   0.328062   0.331857   0.335652   0.339446   0.343241   0.347036   0.350830   0.354625   0.358420   0.362215   0.366009   0.369804   0.373599   0.377393 
  0.237294   0.240761   0.244227   0.247694   0.251160   0.254627   0.258093   0.261560   0.265026   0.268493   0.271960   0.275426   0.278893   0.282359   0.285826   0.289292   0.292759   0.296225   0.299692   0.303159   0.306625   0.310092   0.313558   0.317025   0.320491   0.323958   0.327424   0.330891   0.334358   0.337824   0.341291   0.344757 
  0.212684   0.215791   0.218898   0.222005   0.225112   0.228219   0.231326   0.234433   0.237540   0.240647   0.243754   0.246861   0.249968   0.253075   0.256182   0.259289   0.262396   0.265503   0.268610   0.271717   0.274824   0.277931   0.281038   0.284145   0.287252   0.290359   0.293466   0.296573   0.299680   0.302787   0.305894   0.309001 
  0.186125   0.188844   0.191563   0.194282   0.197001   0.199720   0.202439   0.205158   0.207877   0.210596   0.213315   0.216034   0.218753   0.221472   0.224191   0.226910   0.229629   0.232348   0.235067   0.237786   0.240506   0.243225   0.245944   0.248663   0.251382   0.254101   0.256820   0.259539   0.262258   0.264977   0.267696   0.270415 
  0.157844   0.160150   0.162456   0.164762   0.167068   0.169374   0.171680   0.173986   0.176292   0.178597   0.180903   0.183209   0.185515   0.187821   0.190127   0.192433   0.194739   0.197045   0.199351   0.201656   0.203962   0.206268   0.208574   0.210880   0.213186   0.215492   0.217798   0.220104   0.222410   0.224715   0.227021   0.229327 
  0.128093   0.129964   0.131836   0.133707   0.135578   0.137449   0.139321   0.141192   0.143063   0.144934   0.146806   0.148677   0.150548   0.152420   0.154291   0.156162   0.158033   0.159905   0.161776   0.163647   0.165518   0.167390   0.169261   0.171132   0.173004   0.174875   0.176746   0.178617   0.180489   0.182360   0.184231   0.186102 
  0.097141   0.098560   0.099979   0.101398   0.102818   0.104237   0.105656   0.107075   0.108494   0.109913   0.111332   0.112751   0.114170   0.115589   0.117009   0.118428   0.119847   0.121266   0.122685   0.124104   0.125523   0.126942   0.128361   0.129781   0.131200   0.132619   0.134038   0.135457   0.136876   0.138295   0.139714   0.141133 
  0.065275   0.066228   0.067182   0.068136   0.069089   0.070043   0.070996   0.071950   0.072904   0.073857   0.074811   0.075764   0.076718   0.077671   0.078625   0.079579   0.080532   0.081486   0.082439   0.083393   0.084346   0.085300   0.086254   0.087207   0.088161   0.089114   0.090068   0.091022   0.091975   0.092929   0.093882   0.094836 
  0.032792   0.033272   0.033751   0.034230   0.034709   0.035188   0.035667   0.036146   0.036625   0.037104   0.037583   0.038062   0.038541   0.039020   0.039499   0.039978   0.040457   0.040936   0.041415   0.041895   0.042374   0.042853   0.043332   0.043811   0.044290   0.044769   0.045248   0.045727   0.046206   0.046685   0.047164   0.047643 
 -0.000000  -0.000000  -0.000000  -0.000000  -0.000000  -0.000000  -0.000000  -0.000000  -0.000000  -0.000000  -0.000000  -0.000000  -0.000000  -0.000000  -0.000000  -0.000000  -0.000000  -0.000000  -0.000000  -0.000000  -0.000000  -0.000000  -0.000000  -0.000000  -0.000000  -0.000000  -0.000000  -0.000000  -0.000000  -0.000000  -0.000000  -0.000000 
 -0.032792  -0.033272  -0.033751  -0.034230  -0.034709  -0.035188  -0.035667  -0.036146  -0.036625  -0.037104  -0.037583  -0.038062  -0.038541  -0.039020  -0.039499  -0.039978  -0.040457  -0.040936  -0.041415  -0.041895  -0.042374  -0.042853  -0.043332  -0.043811  -0.044290  -0.044769  -0.045248  -0.045727  -0.046206  -0.046685  -0.047164  -0.047643 
 -0.065275  -0.066228  -0.067182  -0.068136  -0.069089  -0.070043  -0.070996  -0.071950  -0.072904  -0.073857  -0.074811  -0.075764  -0.076718  -0.077671  -0.078625  -0.079579  -0.080532  -0.081486  -0.082439  -0.083393  -0.084346  -0.085300  -0.086254  -0.087207  -0.088161  -0.089114  -0.090068  -0.091022  -0.091975  -0.092929  -0.093882  -0.094836 
 -0.097141  -0.098560  -0.099979  -0.101398  -0.102818  -0.104237  -0.105656  -0.107075  -0.108494  -0.109913  -0.111332  -0.112751  -0.114170  -0.115589  -0.117009  -0.118428  -0.119847  -0.121266  -0.122685  -0.124104  -0.125523  -0.126942  -0.128361  -0.129781  -0.131200  -0.132619  -0.134038  -0.135457  -0.136876  -0.138295  -0.139714  -0.141133 
 -0.128093  -0.129964  -0.131836  -0.133707  -0.135578  -0.137449  -0.139321  -0.141192  -0.143063  -0.144934  -0.146806  -0.148677  -0.150548  -0.152420  -0.154291  -0.156162  -0.158033  -0.159905  -0.161776  -0.163647  -0.165518  -0.167390  -0.169261  -0.171132  -0.173004  -0.174875  -0.176746  -0.178617  -0.180489  -0.182360  -0.184231  -0.186102 
 -0.157844  -0.160150  -0.162456  -0.164762  -0.167068  -0.169374  -0.171680  -0.173986  -0.176292  -0.178597  -0.180903  -0.183209  -0.185515  -0.187821  -0.190127  -0.192433  -0.194739  -0.197045  -0.199351  -0.201656  -0.203962  -0.206268  -0.208574  -0.210880  -0.213186  -0.215492  -0.217798  -0.220104  -0.222410  -0.224715  -0.227021  -0.229327 
 -0.186125  -0.188844  -0.191563  -0.194282  -0.197001  -0.199720  -0.202439  -0.205158  -0.207877  -0.210596  -0.213315  -0.216034  -0.218753  -0.221472  -0.224191  -0.226910  -0.229629  -0.232348  -0.235067  -0.237786  -0.240506  -0.243225  -0.245944  -0.248663  -0.251382  -0.254101  -0.256820  -0.259539  -0.262258  -0.264977  -0.267696  -0.270415 
 -0.212684  -0.215791  -0.218898  -0.222005  -0.225112  -0.228219  -0.231326  -0.234433  -0.237540  -0.240647  -0.243754  -0.246861  -0.249968  -0.253075  -0.256182  -0.259289  -0.262396  -0.265503  -0.268610  -0.271717  -0.274824  -0.277931  -0.281038  -0.284145  -0.287252  -0.290359  -0.293466  -0.296573  -0.299680  -0.302787  -0.305894  -0.309001 
 -0.237294  -0.240761  -0.244227  -0.247694  -0.251160  -0.254627  -0.258093  -0.261560  -0.265026  -0.268493  -0.271960  -0.275426  -0.278893  -0.282359  -0.285826  -0.289292  -0.292759  -0.296225  -0.299692  -0.303159  -0.306625  -0.310092  -0.313558  -0.317025  -0.320491  -0.323958  -0.327424  -0.330891  -0.334358  -0.337824  -0.341291  -0.344757 
 -0.259757  -0.263552  -0.267347  -0.271141  -0.274936  -0.278731  -0.282526  -0.286320  -0.290115  -0.293910  -0.297704  -0.301499  -0.305294  -0.309089  -0.312883  -0.316678  -0.320473  -0.324267  -0.328062  -0.331857  -0.335652  -0.339446  -0.343241  -0.347036  -0.350830  -0.354625  -0.358420  -0.362215  -0.366009  -0.369804  -0.373599  -0.377393 
 -0.279906  -0.283995  -0.288084  -0.292173  -0.296263  -0.300352  -0.304441  -0.308530  -0.312619  -0.316708  -0.320797  -0.324886  -0.328975  -0.333064  -0.337153  -0.341242  -0.345331  -0.349420  -0.353509  -0.357598  -0.361688  -0.365777  -0.369866  -0.373955  -0.378044  -0.382133  -0.386222  -0.390311  -0.394400  -0.398489  -0.402578  -0.406667 
 -0.297610  -0.301958  -0.306306  -0.310653  -0.315001  -0.319349  -0.323696  -0.328044  -0.332392  -0.336739  -0.341087  -0.345435  -0.349782  -0.354130  -0.358478  -0.362826  -0.367173  -0.371521  -0.375869  -0.380216  -0.384564  -0.388912  -0.393259  -0.397607  -0.401955  -0.406303  -0.410650  -0.414998  -0.419346  -0.423693  -0.428041  -0.432389 
 -0.312778  -0.317348  -0.321917  -0.326486  -0.331056  -0.335625  -0.340194  -0.344763  -0.349333  -0.353902  -0.358471  -0.363041  -0.367610  -0.372179  -0.376748  -0.381318  -0.385887  -0.390456  -0.395026  -0.399595  -0.404164  -0.408733  -0.413303  -0.417872  -0.422441  -0.427011  -0.431580  -0.436149  -0.440718  -0.445288  -0.449857  -0.454426 
 -0.325365  -0.330118  -0.334872  -0.339625  -0.344378  -0.349131  -0.353884  -0.358637  -0.363391  -0.368144  -0.372897  -0.377650  -0.382403  -0.387156  -0.391910  -0.396663  -0.401416  -0.406169  -0.410922  -0.415675  -0.420429  -0.425182  -0.429935  -0.434688  -0.439441  -0.444194  -0.448947  -0.453701  -0.458454  -0.463207  -0.467960  -0.472713 
 -0.335374  -0.340273  -0.345172  -0.350072  -0.354971  -0.359871  -0.364770  -0.369669  -0.374569  -0.379468  -0.384367  -0.389267  -0.394166  -0.399066  -0.403965  -0.408864  -0.413764  -0.418663  -0.423562  -0.428462  -0.433361  -0.438261  -0.443160  -0.448059  -0.452959  -0.457858  -0.462757  -0.467657  -0.472556  -0.477456  -0.482355  -0.487254 
 -0.342860  -0.347868  -0.352877  -0.357886  -0.362895  -0.367903  -0.372912  -0.377921  -0.382930  -0.387938  -0.392947  -0.397956  -0.402965  -0.407973  -0.412982  -0.417991  -0.423000  -0.428008  -0.433017  -0.438026  -0.443034  -0.448043  -0.453052  -0.458061  -0.463069  -0.468078  -0.473087  -0.478096  -0.483104  -0.488113  -0.493122  -0.498131 
 -0.347935  -0.353018  -0.358101  -0.363184  -0.368267  -0.373350  -0.378432  -0.383515  -0.388598  -0.393681  -0.398764  -0.403847  -0.408930  -0.414013  -0.419096  -0.424178  -0.429261  -0.434344  -0.439427  -0.444510  -0.449593  -0.454676  -0.459759  -0.464841  -0.469924  -0.475007  -0.480090  -0.485173  -0.490256  -0.495339  -0.500422  -0.505504 
 -0.350769  -0.355894  -0.361018  -0.366142  -0.371267  -0.376391  -0.381515  -0.386639  -0.391764  -0.396888  -0.402012  -0.407137  -0.412261  -0.417385  -0.422509  -0.427634  -0.432758  -0.437882  -0.443007  -0.448131  -0.453255  -0.458379  -0.463504  -0.468628  -0.473752  -0.478877  -0.484001  -0.489125  -0.494249  -0.499374  -0.504498  -0.509622 
 -0.351588  -0.356725  -0.361861  -0.366997  -0.372133  -0.377270  -0.382406  -0.387542  -0.392678  -0.397815  -0.402951  -0.408087  -0.413223  -0.418359  -0.423496  -0.428632  -0.433768  -0.438904  -0.444041  -0.449177  -0.454313  -0.459449  -0.464586  -0.469722  -0.474858  -0.479994  -0.485131  -0.490267  -0.495403  -0.500539  -0.505676  -0.510812 
 -0.350669  -0.355792  -0.360915  -0.366038  -0.371160  -0.376283  -0.381406  -0.386529  -0.391652  -0.396775  -0.401897  -0.407020  -0.412143  -0.417266  -0.422389  -0.427512  -0.432634  -0.437757  -0.442880  -0.448003  -0.453126  -0.458248  -0.463371  -0.468494  -0.473617  -0.478740  -0.483863  -0.488985  -0.494108  -0.499231  -0.504354  -0.509477 
 -0.348332  -0.353420  -0.358509  -0.363598  -0.368686  -0.373775  -0.378864  -0.383952  -0.389041  -0.394130  -0.399218  -0.404307  -0.409396  -0.414484  -0.419573  -0.424662  -0.429750  -0.434839  -0.439928  -0.445016  -0.450105  -0.455194  -0.460282  -0.465371  -0.470460  -0.475548  -0.480637  -0.485726  -0.490814  -0.495903  -0.500992  -0.506080 
 -0.344921  -0.349960  -0.354999  -0.360038  -0.365077  -0.370116  -0.375155  -0.380193  -0.385232  -0.390271  -0.395310  -0.400349  -0.405388  -0.410427  -0.415465  -0.420504  -0.425543  -0.430582  -0.435621  -0.440660  -0.445699  -0.450737  -0.455776  -0.460815  -0.465854  -0.470893  -0.475932  -0.480970  -0.486009  -0.491048  -0.496087  -0.501126 
 -0.340793  -0.345771  -0.350750  -0.355729  -0.360707  -0.365686  -0.370664  -0.375643  -0.380621  -0.385600  -0.390578  -0.395557  -0.400535  -0.405514  -0.410493  -0.415471  -0.420450  -0.425428  -0.430407  -0.435385  -0.440364  -0.445342  -0.450321  -0.455299  -0.460278  -0.465256  -0.470235  -0.475214  -0.480192  -0.485171  -0.490149  -0.495128 
 -0.336287  -0.341199  -0.346112  -0.351025  -0.355937  -0.360850  -0.365763  -0.370675  -0.375588  -0.380501  -0.385414  -0.390326  -0.395239  -0.400152  -0.405064  -0.409977  -0.414890  -0.419803  -0.424715  -0.429628  -0.434541  -0.439453  -0.444366  -0.449279  -0.454192  -0.459104  -0.464017  -0.468930  -0.473842  -0.478755  -0.483668  -0.488580 
 -0.331710  -0.336556  -0.341402  -0.346248  -0.351094  -0.355940  -0.360786  -0.365631  -0.370477  -0.375323  -0.380169  -0.385015  -0.389861  -0.394707  -0.399552  -0.404398  -0.409244  -0.414090  -0.418936  -0.423782  -0.428627  -0.433473  -0.438319  -0.443165  -0.448011  -0.452857  -0.457703  -0.462548  -0.467394  -0.472240  -0.477086  -0.481932 
 -0.327326  -0.332108  -0.336890  -0.341672  -0.346454  -0.351235  -0.356017  -0.360799  -0.365581  -0.370363  -0.375145  -0.379926  -0.384708  -0.389490  -0.394272  -0.399054  -0.403835  -0.408617  -0.413399  -0.418181  -0.422963  -0.427744  -0.432526  -0.437308  -0.442090  -0.446872  -0.451654  -0.456435  -0.461217  -0.465999  -0.470781  -0.475563 
 -0.323344  -0.328067  -0.332791  -0.337515  -0.342238  -0.346962  -0.351686  -0.356409  -0.361133  -0.365856  -0.370580  -0.375304  -0.380027  -0.384751  -0.389475  -0.394198  -0.398922  -0.403646  -0.408369  -0.413093  -0.417816  -0.422540  -0.427264  -0.431987  -0.436711  -0.441435  -0.446158  -0.450882  -0.455605  -0.460329  -0.465053  -0.469776 
 -0.319920  -0.324593  -0.329267  -0.333941  -0.338614  -0.343288  -0.347961  -0.352635  -0.357309  -0.361982  -0.366656  -0.371329  -0.376003  -0.380677  -0.385350  -0.390024  -0.394697  -0.399371  -0.404045  -0.408718  -0.413392  -0.418065  -0.422739  -0.427413  -0.432086  -0.436760  -0.441434  -0.446107  -0.450781  -0.455454  -0.460128  -0.464802 
 -0.317165  -0.321799  -0.326432  -0.331065  -0.335699  -0.340332  -0.344965  -0.349599  -0.354232  -0.358866  -0.363499  -0.368132  -0.372766  -0.377399  -0.382032  -0.386666  -0.391299  -0.395932  -0.400566  -0.405199  -0.409833  -0.414466  -0.419099  -0.423733  -0.428366  -0.432999  -0.437633  -0.442266  -0.446900  -0.451533  -0.456166  -0.460800 
 -0.315154  -0.319758  -0.324362  -0.328966  -0.333570  -0.338174  -0.342778  -0.347382  -0.351986  -0.356590  -0.361194  -0.365798  -0.370402  -0.375006  -0.379610  -0.384214  -0.388818  -0.393422  -0.398026  -0.402630  -0.407234  -0.411838  -0.416442  -0.421046  -0.425650  -0.430254  -0.434858  -0.439462  -0.444066  -0.448670  -0.453274  -0.457878 
 -0.313931  -0.318518  -0.323104  -0.327690  -0.332276  -0.336862  -0.341448  -0.346034  -0.350621  -0.355207  -0.359793  -0.364379  -0.368965  -0.373551  -0.378137  -0.382723  -0.387310  -0.391896  -0.396482  -0.401068  -0.405654  -0.410240  -0.414826  -0.419412  -0.423999  -0.428585  -0.433171  -0.437757  -0.442343  -0.446929  -0.451515  -0.456102 
 -0.313521  -0.318102  -0.322682  -0.327262  -0.331842  -0.336422  -0.341002  -0.345582  -0.350163  -0.354743  -0.359323  -0.363903  -0.368483  -0.373063  -0.377643  -0.382224  -0.386804  -0.391384  -0.395964  -0.400544  -0.405124  -0.409704  -0.414285  -0.418865  -0.423445  -0.428025  -0.432605  -0.437185  -0.441765  -0.446346  -0.450926  -0.455506 
