 Kf,Kc, densidade_de_potencia,h_int,h_out,T_int,T_out
                                       
      0.03      0.17  0.46E+03     2.540     2.540     0.600   315.000   315.000
 Temperaturas lidas
                                       
     376.1700     350.0000     350.0000     350.0000     350.0000     350.0000     800.0000     800.0000     800.0000     800.0000     800.0000     800.0000     800.0000     800.0000     800.0000     800.0000     800.0000     800.0000     800.0000     800.0000     800.0000     800.0000     800.0000     800.0000     800.0000     800.0000     350.0000     350.0000     350.0000     350.0000     350.0000     350.0000

     406.5140     350.0000     350.0000     350.0000     350.0000     350.0000     800.0000     800.0000     800.0000     800.0000     800.0000     800.0000     800.0000     800.0000     800.0000     800.0000     800.0000     800.0000     800.0000     800.0000     800.0000     800.0000     800.0000     800.0000     800.0000     800.0000     350.0000     350.0000     350.0000     350.0000     350.0000     350.0000

     409.8930     350.0000     350.0000     350.0000     350.0000     350.0000     800.0000     800.0000     800.0000     800.0000     800.0000     800.0000     800.0000     800.0000     800.0000     800.0000     800.0000     800.0000     800.0000     800.0000     800.0000     800.0000     800.0000     800.0000     800.0000     800.0000     350.0000     350.0000     350.0000     350.0000     350.0000     350.0000

     410.4980     350.0000     350.0000     350.0000     350.0000     350.0000     800.0000     800.0000     800.0000     800.0000     800.0000     800.0000     800.0000     800.0000     800.0000     800.0000     800.0000     800.0000     800.0000     800.0000     800.0000     800.0000     800.0000     800.0000     800.0000     800.0000     350.0000     350.0000     350.0000     350.0000     350.0000     350.0000

     410.7340     350.0000     350.0000     350.0000     350.0000     350.0000     800.0000     800.0000     800.0000     800.0000     800.0000     800.0000     800.0000     800.0000     800.0000     800.0000     800.0000     800.0000     800.0000     800.0000     800.0000     800.0000     800.0000     800.0000     800.0000     800.0000     350.0000     350.0000     350.0000     350.0000     350.0000     350.0000

     410.8440     350.0000     350.0000     350.0000     350.0000     350.0000     800.0000     800.0000     800.0000     800.0000     800.0000     800.0000     800.0000     800.0000     800.0000     800.0000     800.0000     800.0000     800.0000     800.0000     800.0000     800.0000     800.0000     800.0000     800.0000     800.0000     350.0000     350.0000     350.0000     350.0000     350.0000     350.0000

     410.8970     350.0000     350.0000     350.0000     350.0000     350.0000     800.0000     800.0000     800.0000     800.0000     800.0000     800.0000     800.0000     800.0000     800.0000     800.0000     800.0000     800.0000     800.0000     800.0000     800.0000     800.0000     800.0000     800.0000     800.0000     800.0000     350.0000     350.0000     350.0000     350.0000     350.0000     350.0000

     410.9210     350.0000     350.0000     350.0000     350.0000     350.0000     800.0000     800.0000     800.0000     800.0000     800.0000     800.0000     800.0000     800.0000     800.0000     800.0000     800.0000     800.0000     800.0000     800.0000     800.0000     800.0000     800.0000     800.0000     800.0000     800.0000     350.0000     350.0000     350.0000     350.0000     350.0000     350.0000

     410.9310     350.0000     350.0000     350.0000     350.0000     350.0000     800.0000     800.0000     800.0000     800.0000     800.0000     800.0000     800.0000     800.0000     800.0000     800.0000     800.0000     800.0000     800.0000     800.0000     800.0000     800.0000     800.0000     800.0000     800.0000     800.0000     350.0000     350.0000     350.0000     350.0000     350.0000     350.0000

     410.9320     350.0000     350.0000     350.0000     350.0000     350.0000     800.0000     800.0000     800.0000     800.0000     800.0000     800.0000     800.0000     800.0000     800.0000     800.0000     800.0000     800.0000     800.0000     800.0000     800.0000     800.0000     800.0000     800.0000     800.0000     800.0000     350.0000     350.0000     350.0000     350.0000     350.0000     350.0000

     410.9280     350.0000     350.0000     350.0000     350.0000     350.0000     800.0000     800.0000     800.0000     800.0000     800.0000     800.0000     800.0000     800.0000     800.0000     800.0000     800.0000     800.0000     800.0000     800.0000     800.0000     800.0000     800.0000     800.0000     800.0000     800.0000     350.0000     350.0000     350.0000     350.0000     350.0000     350.0000

     410.9210     350.0000     350.0000     350.0000     350.0000     350.0000     800.0000     800.0000     800.0000     800.0000     800.0000     800.0000     800.0000     800.0000     800.0000     800.0000     800.0000     800.0000     800.0000     800.0000     800.0000     800.0000     800.0000     800.0000     800.0000     800.0000     350.0000     350.0000     350.0000     350.0000     350.0000     350.0000

     410.9130     350.0000     350.0000     350.0000     350.0000     350.0000     800.0000     800.0000     800.0000     800.0000     800.0000     800.0000     800.0000     800.0000     800.0000     800.0000     800.0000     800.0000     800.0000     800.0000     800.0000     800.0000     800.0000     800.0000     800.0000     800.0000     350.0000     350.0000     350.0000     350.0000     350.0000     350.0000

     410.9030     350.0000     350.0000     350.0000     350.0000     350.0000     800.0000     800.0000     800.0000     800.0000     800.0000     800.0000     800.0000     800.0000     800.0000     800.0000     800.0000     800.0000     800.0000     800.0000     800.0000     800.0000     800.0000     800.0000     800.0000     800.0000     350.0000     350.0000     350.0000     350.0000     350.0000     350.0000

     410.8930     350.0000     350.0000     350.0000     350.0000     350.0000     800.0000     800.0000     800.0000     800.0000     800.0000     800.0000     800.0000     800.0000     800.0000     800.0000     800.0000     800.0000     800.0000     800.0000     800.0000     800.0000     800.0000     800.0000     800.0000     800.0000     350.0000     350.0000     350.0000     350.0000     350.0000     350.0000

     410.8830     350.0000     350.0000     350.0000     350.0000     350.0000     800.0000     800.0000     800.0000     800.0000     800.0000     800.0000     800.0000     800.0000     800.0000     800.0000     800.0000     800.0000     800.0000     800.0000     800.0000     800.0000     800.0000     800.0000     800.0000     800.0000     350.0000     350.0000     350.0000     350.0000     350.0000     350.0000

     410.8730     350.0000     350.0000     350.0000     350.0000     350.0000     800.0000     800.0000     800.0000     800.0000     800.0000     800.0000     800.0000     800.0000     800.0000     800.0000     800.0000     800.0000     800.0000     800.0000     800.0000     800.0000     800.0000     800.0000     800.0000     800.0000     350.0000     350.0000     350.0000     350.0000     350.0000     350.0000

     410.8640     350.0000     350.0000     350.0000     350.0000     350.0000     800.0000     800.0000     800.0000     800.0000     800.0000     800.0000     800.0000     800.0000     800.0000     800.0000     800.0000     800.0000     800.0000     800.0000     800.0000     800.0000     800.0000     800.0000     800.0000     800.0000     350.0000     350.0000     350.0000     350.0000     350.0000     350.0000

     410.8550     350.0000     350.0000     350.0000     350.0000     350.0000     800.0000     800.0000     800.0000     800.0000     800.0000     800.0000     800.0000     800.0000     800.0000     800.0000     800.0000     800.0000     800.0000     800.0000     800.0000     800.0000     800.0000     800.0000     800.0000     800.0000     350.0000     350.0000     350.0000     350.0000     350.0000     350.0000

     410.8470     350.0000     350.0000     350.0000     350.0000     350.0000     800.0000     800.0000     800.0000     800.0000     800.0000     800.0000     800.0000     800.0000     800.0000     800.0000     800.0000     800.0000     800.0000     800.0000     800.0000     800.0000     800.0000     800.0000     800.0000     800.0000     350.0000     350.0000     350.0000     350.0000     350.0000     350.0000

     410.8390     350.0000     350.0000     350.0000     350.0000     350.0000     800.0000     800.0000     800.0000     800.0000     800.0000     800.0000     800.0000     800.0000     800.0000     800.0000     800.0000     800.0000     800.0000     800.0000     800.0000     800.0000     800.0000     800.0000     800.0000     800.0000     350.0000     350.0000     350.0000     350.0000     350.0000     350.0000

     410.8330     350.0000     350.0000     350.0000     350.0000     350.0000     800.0000     800.0000     800.0000     800.0000     800.0000     800.0000     800.0000     800.0000     800.0000     800.0000     800.0000     800.0000     800.0000     800.0000     800.0000     800.0000     800.0000     800.0000     800.0000     800.0000     350.0000     350.0000     350.0000     350.0000     350.0000     350.0000

     410.8260     350.0000     350.0000     350.0000     350.0000     350.0000     800.0000     800.0000     800.0000     800.0000     800.0000     800.0000     800.0000     800.0000     800.0000     800.0000     800.0000     800.0000     800.0000     800.0000     800.0000     800.0000     800.0000     800.0000     800.0000     800.0000     350.0000     350.0000     350.0000     350.0000     350.0000     350.0000

     410.8210     350.0000     350.0000     350.0000     350.0000     350.0000     800.0000     800.0000     800.0000     800.0000     800.0000     800.0000     800.0000     800.0000     800.0000     800.0000     800.0000     800.0000     800.0000     800.0000     800.0000     800.0000     800.0000     800.0000     800.0000     800.0000     350.0000     350.0000     350.0000     350.0000     350.0000     350.0000

     410.8160     350.0000     350.0000     350.0000     350.0000     350.0000     800.0000     800.0000     800.0000     800.0000     800.0000     800.0000     800.0000     800.0000     800.0000     800.0000     800.0000     800.0000     800.0000     800.0000     800.0000     800.0000     800.0000     800.0000     800.0000     800.0000     350.0000     350.0000     350.0000     350.0000     350.0000     350.0000

     410.8110     350.0000     350.0000     350.0000     350.0000     350.0000     800.0000     800.0000     800.0000     800.0000     800.0000     800.0000     800.0000     800.0000     800.0000     800.0000     800.0000     800.0000     800.0000     800.0000     800.0000     800.0000     800.0000     800.0000     800.0000     800.0000     350.0000     350.0000     350.0000     350.0000     350.0000     350.0000

     410.8080     350.0000     350.0000     350.0000     350.0000     350.0000     800.0000     800.0000     800.0000     800.0000     800.0000     800.0000     800.0000     800.0000     800.0000     800.0000     800.0000     800.0000     800.0000     800.0000     800.0000     800.0000     800.0000     800.0000     800.0000     800.0000     350.0000     350.0000     350.0000     350.0000     350.0000     350.0000

     410.8050     350.0000     350.0000     350.0000     350.0000     350.0000     800.0000     800.0000     800.0000     800.0000     800.0000     800.0000     800.0000     800.0000     800.0000     800.0000     800.0000     800.0000     800.0000     800.0000     800.0000     800.0000     800.0000     800.0000     800.0000     800.0000     350.0000     350.0000     350.0000     350.0000     350.0000     350.0000

     410.8030     350.0000     350.0000     350.0000     350.0000     350.0000     800.0000     800.0000     800.0000     800.0000     800.0000     800.0000     800.0000     800.0000     800.0000     800.0000     800.0000     800.0000     800.0000     800.0000     800.0000     800.0000     800.0000     800.0000     800.0000     800.0000     350.0000     350.0000     350.0000     350.0000     350.0000     350.0000

     410.8010     350.0000     350.0000     350.0000     350.0000     350.0000     800.0000     800.0000     800.0000     800.0000     800.0000     800.0000     800.0000     800.0000     800.0000     800.0000     800.0000     800.0000     800.0000     800.0000     800.0000     800.0000     800.0000     800.0000     800.0000     800.0000     350.0000     350.0000     350.0000     350.0000     350.0000     350.0000

     410.8000     350.0000     350.0000     350.0000     350.0000     350.0000     800.0000     800.0000     800.0000     800.0000     800.0000     800.0000     800.0000     800.0000     800.0000     800.0000     800.0000     800.0000     800.0000     800.0000     800.0000     800.0000     800.0000     800.0000     800.0000     800.0000     350.0000     350.0000     350.0000     350.0000     350.0000     350.0000

     410.8000     350.0000     350.0000     350.0000     350.0000     350.0000     800.0000     800.0000     800.0000     800.0000     800.0000     800.0000     800.0000     800.0000     800.0000     800.0000     800.0000     800.0000     800.0000     800.0000     800.0000     800.0000     800.0000     800.0000     800.0000     800.0000     350.0000     350.0000     350.0000     350.0000     350.0000     350.0000

     410.8000     350.0000     350.0000     350.0000     350.0000     350.0000     800.0000     800.0000     800.0000     800.0000     800.0000     800.0000     800.0000     800.0000     800.0000     800.0000     800.0000     800.0000     800.0000     800.0000     800.0000     800.0000     800.0000     800.0000     800.0000     800.0000     350.0000     350.0000     350.0000     350.0000     350.0000     350.0000

     410.8020     350.0000     350.0000     350.0000     350.0000     350.0000     800.0000     800.0000     800.0000     800.0000     800.0000     800.0000     800.0000     800.0000     800.0000     800.0000     800.0000     800.0000     800.0000     800.0000     800.0000     800.0000     800.0000     800.0000     800.0000     800.0000     350.0000     350.0000     350.0000     350.0000     350.0000     350.0000

     410.8030     350.0000     350.0000     350.0000     350.0000     350.0000     800.0000     800.0000     800.0000     800.0000     800.0000     800.0000     800.0000     800.0000     800.0000     800.0000     800.0000     800.0000     800.0000     800.0000     800.0000     800.0000     800.0000     800.0000     800.0000     800.0000     350.0000     350.0000     350.0000     350.0000     350.0000     350.0000

     410.8060     350.0000     350.0000     350.0000     350.0000     350.0000     800.0000     800.0000     800.0000     800.0000     800.0000     800.0000     800.0000     800.0000     800.0000     800.0000     800.0000     800.0000     800.0000     800.0000     800.0000     800.0000     800.0000     800.0000     800.0000     800.0000     350.0000     350.0000     350.0000     350.0000     350.0000     350.0000

     410.8090     350.0000     350.0000     350.0000     350.0000     350.0000     800.0000     800.0000     800.0000     800.0000     800.0000     800.0000     800.0000     800.0000     800.0000     800.0000     800.0000     800.0000     800.0000     800.0000     800.0000     800.0000     800.0000     800.0000     800.0000     800.0000     350.0000     350.0000     350.0000     350.0000     350.0000     350.0000

     410.8130     350.0000     350.0000     350.0000     350.0000     350.0000     800.0000     800.0000     800.0000     800.0000     800.0000     800.0000     800.0000     800.0000     800.0000     800.0000     800.0000     800.0000     800.0000     800.0000     800.0000     800.0000     800.0000     800.0000     800.0000     800.0000     350.0000     350.0000     350.0000     350.0000     350.0000     350.0000

     410.8170     350.0000     350.0000     350.0000     350.0000     350.0000     800.0000     800.0000     800.0000     800.0000     800.0000     800.0000     800.0000     800.0000     800.0000     800.0000     800.0000     800.0000     800.0000     800.0000     800.0000     800.0000     800.0000     800.0000     800.0000     800.0000     350.0000     350.0000     350.0000     350.0000     350.0000     350.0000

     410.8220     350.0000     350.0000     350.0000     350.0000     350.0000     800.0000     800.0000     800.0000     800.0000     800.0000     800.0000     800.0000     800.0000     800.0000     800.0000     800.0000     800.0000     800.0000     800.0000     800.0000     800.0000     800.0000     800.0000     800.0000     800.0000     350.0000     350.0000     350.0000     350.0000     350.0000     350.0000

     410.8280     350.0000     350.0000     350.0000     350.0000     350.0000     800.0000     800.0000     800.0000     800.0000     800.0000     800.0000     800.0000     800.0000     800.0000     800.0000     800.0000     800.0000     800.0000     800.0000     800.0000     800.0000     800.0000     800.0000     800.0000     800.0000     350.0000     350.0000     350.0000     350.0000     350.0000     350.0000

     410.8350     350.0000     350.0000     350.0000     350.0000     350.0000     800.0000     800.0000     800.0000     800.0000     800.0000     800.0000     800.0000     800.0000     800.0000     800.0000     800.0000     800.0000     800.0000     800.0000     800.0000     800.0000     800.0000     800.0000     800.0000     800.0000     350.0000     350.0000     350.0000     350.0000     350.0000     350.0000

     410.8420     350.0000     350.0000     350.0000     350.0000     350.0000     800.0000     800.0000     800.0000     800.0000     800.0000     800.0000     800.0000     800.0000     800.0000     800.0000     800.0000     800.0000     800.0000     800.0000     800.0000     800.0000     800.0000     800.0000     800.0000     800.0000     350.0000     350.0000     350.0000     350.0000     350.0000     350.0000

     410.8490     350.0000     350.0000     350.0000     350.0000     350.0000     800.0000     800.0000     800.0000     800.0000     800.0000     800.0000     800.0000     800.0000     800.0000     800.0000     800.0000     800.0000     800.0000     800.0000     800.0000     800.0000     800.0000     800.0000     800.0000     800.0000     350.0000     350.0000     350.0000     350.0000     350.0000     350.0000

     410.8570     350.0000     350.0000     350.0000     350.0000     350.0000     800.0000     800.0000     800.0000     800.0000     800.0000     800.0000     800.0000     800.0000     800.0000     800.0000     800.0000     800.0000     800.0000     800.0000     800.0000     800.0000     800.0000     800.0000     800.0000     800.0000     350.0000     350.0000     350.0000     350.0000     350.0000     350.0000

     410.8660     350.0000     350.0000     350.0000     350.0000     350.0000     800.0000     800.0000     800.0000     800.0000     800.0000     800.0000     800.0000     800.0000     800.0000     800.0000     800.0000     800.0000     800.0000     800.0000     800.0000     800.0000     800.0000     800.0000     800.0000     800.0000     350.0000     350.0000     350.0000     350.0000     350.0000     350.0000

     410.8740     350.0000     350.0000     350.0000     350.0000     350.0000     800.0000     800.0000     800.0000     800.0000     800.0000     800.0000     800.0000     800.0000     800.0000     800.0000     800.0000     800.0000     800.0000     800.0000     800.0000     800.0000     800.0000     800.0000     800.0000     800.0000     350.0000     350.0000     350.0000     350.0000     350.0000     350.0000

     410.8830     350.0000     350.0000     350.0000     350.0000     350.0000     800.0000     800.0000     800.0000     800.0000     800.0000     800.0000     800.0000     800.0000     800.0000     800.0000     800.0000     800.0000     800.0000     800.0000     800.0000     800.0000     800.0000     800.0000     800.0000     800.0000     350.0000     350.0000     350.0000     350.0000     350.0000     350.0000

     410.8920     350.0000     350.0000     350.0000     350.0000     350.0000     800.0000     800.0000     800.0000     800.0000     800.0000     800.0000     800.0000     800.0000     800.0000     800.0000     800.0000     800.0000     800.0000     800.0000     800.0000     800.0000     800.0000     800.0000     800.0000     800.0000     350.0000     350.0000     350.0000     350.0000     350.0000     350.0000

     410.8990     350.0000     350.0000     350.0000     350.0000     350.0000     800.0000     800.0000     800.0000     800.0000     800.0000     800.0000     800.0000     800.0000     800.0000     800.0000     800.0000     800.0000     800.0000     800.0000     800.0000     800.0000     800.0000     800.0000     800.0000     800.0000     350.0000     350.0000     350.0000     350.0000     350.0000     350.0000

     410.9060     350.0000     350.0000     350.0000     350.0000     350.0000     800.0000     800.0000     800.0000     800.0000     800.0000     800.0000     800.0000     800.0000     800.0000     800.0000     800.0000     800.0000     800.0000     800.0000     800.0000     800.0000     800.0000     800.0000     800.0000     800.0000     350.0000     350.0000     350.0000     350.0000     350.0000     350.0000

     410.9100     350.0000     350.0000     350.0000     350.0000     350.0000     800.0000     800.0000     800.0000     800.0000     800.0000     800.0000     800.0000     800.0000     800.0000     800.0000     800.0000     800.0000     800.0000     800.0000     800.0000     800.0000     800.0000     800.0000     800.0000     800.0000     350.0000     350.0000     350.0000     350.0000     350.0000     350.0000

     410.9110     350.0000     350.0000     350.0000     350.0000     350.0000     800.0000     800.0000     800.0000     800.0000     800.0000     800.0000     800.0000     800.0000     800.0000     800.0000     800.0000     800.0000     800.0000     800.0000     800.0000     800.0000     800.0000     800.0000     800.0000     800.0000     350.0000     350.0000     350.0000     350.0000     350.0000     350.0000

     410.9040     350.0000     350.0000     350.0000     350.0000     350.0000     800.0000     800.0000     800.0000     800.0000     800.0000     800.0000     800.0000     800.0000     800.0000     800.0000     800.0000     800.0000     800.0000     800.0000     800.0000     800.0000     800.0000     800.0000     800.0000     800.0000     350.0000     350.0000     350.0000     350.0000     350.0000     350.0000

     410.8870     350.0000     350.0000     350.0000     350.0000     350.0000     800.0000     800.0000     800.0000     800.0000     800.0000     800.0000     800.0000     800.0000     800.0000     800.0000     800.0000     800.0000     800.0000     800.0000     800.0000     800.0000     800.0000     800.0000     800.0000     800.0000     350.0000     350.0000     350.0000     350.0000     350.0000     350.0000

     410.8520     350.0000     350.0000     350.0000     350.0000     350.0000     800.0000     800.0000     800.0000     800.0000     800.0000     800.0000     800.0000     800.0000     800.0000     800.0000     800.0000     800.0000     800.0000     800.0000     800.0000     800.0000     800.0000     800.0000     800.0000     800.0000     350.0000     350.0000     350.0000     350.0000     350.0000     350.0000

     410.7830     350.0000     350.0000     350.0000     350.0000     350.0000     800.0000     800.0000     800.0000     800.0000     800.0000     800.0000     800.0000     800.0000     800.0000     800.0000     800.0000     800.0000     800.0000     800.0000     800.0000     800.0000     800.0000     800.0000     800.0000     800.0000     350.0000     350.0000     350.0000     350.0000     350.0000     350.0000

     410.6540     350.0000     350.0000     350.0000     350.0000     350.0000     800.0000     800.0000     800.0000     800.0000     800.0000     800.0000     800.0000     800.0000     800.0000     800.0000     800.0000     800.0000     800.0000     800.0000     800.0000     800.0000     800.0000     800.0000     800.0000     800.0000     350.0000     350.0000     350.0000     350.0000     350.0000     350.0000

     410.4120     350.0000     350.0000     350.0000     350.0000     350.0000     800.0000     800.0000     800.0000     800.0000     800.0000     800.0000     800.0000     800.0000     800.0000     800.0000     800.0000     800.0000     800.0000     800.0000     800.0000     800.0000     800.0000     800.0000     800.0000     800.0000     350.0000     350.0000     350.0000     350.0000     350.0000     350.0000

     409.9450     350.0000     350.0000     350.0000     350.0000     350.0000     800.0000     800.0000     800.0000     800.0000     800.0000     800.0000     800.0000     800.0000     800.0000     800.0000     800.0000     800.0000     800.0000     800.0000     800.0000     800.0000     800.0000     800.0000     800.0000     800.0000     350.0000     350.0000     350.0000     350.0000     350.0000     350.0000

     408.7050     350.0000     350.0000     350.0000     350.0000     350.0000     800.0000     800.0000     800.0000     800.0000     800.0000     800.0000     800.0000     800.0000     800.0000     800.0000     800.0000     800.0000     800.0000     800.0000     800.0000     800.0000     800.0000     800.0000     800.0000     800.0000     350.0000     350.0000     350.0000     350.0000     350.0000     350.0000

     405.4910     350.0000     350.0000     350.0000     350.0000     350.0000     800.0000     800.0000     800.0000     800.0000     800.0000     800.0000     800.0000     800.0000     800.0000     800.0000     800.0000     800.0000     800.0000     800.0000     800.0000     800.0000     800.0000     800.0000     800.0000     800.0000     350.0000     350.0000     350.0000     350.0000     350.0000     350.0000

     356.7160     350.0000     350.0000     350.0000     350.0000     350.0000     800.0000     800.0000     800.0000     800.0000     800.0000     800.0000     800.0000     800.0000     800.0000     800.0000     800.0000     800.0000     800.0000     800.0000     800.0000     800.0000     800.0000     800.0000     800.0000     800.0000     350.0000     350.0000     350.0000     350.0000     350.0000     350.0000

