 x=[
    0.00000000    0.00000000    0.00000000    0.00000000    0.00000000    0.00000000    0.00000003    0.00000000    0.00000000    0.00000000    0.00000000    0.00000000    0.00000000    0.00000000    0.00000000    0.00000000    0.00000000    0.00000000    0.00000000    0.00000000    0.00000000    0.00000000    0.00000000    0.00000000    0.00000000    0.00000000    0.00000000    0.00000000    0.00000000    0.00000000    0.00000000    0.00000000

    0.04140647    0.04032754    0.03924862    0.03816969    0.03709077    0.03601184    0.03493292    0.03404814    0.03316335    0.03227857    0.03139379    0.03050901    0.02962423    0.02873945    0.02785467    0.02696988    0.02608510    0.02520032    0.02431554    0.02343076    0.02254598    0.02166120    0.02077641    0.01989163    0.01900685    0.01812207    0.01693676    0.01575145    0.01456614    0.01338084    0.01219553    0.01101022

    0.07961558    0.07774886    0.07588214    0.07401542    0.07214870    0.07028198    0.06841526    0.06688444    0.06535362    0.06382280    0.06229198    0.06076115    0.05923033    0.05769951    0.05616869    0.05463787    0.05310705    0.05157623    0.05004541    0.04851459    0.04698377    0.04545295    0.04392213    0.04239131    0.04086049    0.03932966    0.03738280    0.03543594    0.03348908    0.03154222    0.02959536    0.02764850

    0.11314440    0.11090959    0.10867477    0.10643996    0.10420515    0.10197034    0.09973552    0.09790285    0.09607017    0.09423749    0.09240481    0.09057214    0.08873946    0.08690678    0.08507410    0.08324143    0.08140875    0.07957607    0.07774339    0.07591072    0.07407804    0.07224536    0.07041268    0.06858001    0.06674733    0.06491465    0.06266080    0.06040695    0.05815309    0.05589924    0.05364539    0.05139153

    0.14213032    0.13991796    0.13770561    0.13549325    0.13328089    0.13106854    0.12885618    0.12704192    0.12522766    0.12341340    0.12159914    0.11978487    0.11797061    0.11615635    0.11434209    0.11252783    0.11071357    0.10889931    0.10708504    0.10527078    0.10345652    0.10164226    0.09982800    0.09801374    0.09619948    0.09438521    0.09218609    0.08998697    0.08778784    0.08558872    0.08338959    0.08119047

    0.16734758    0.16546012    0.16357265    0.16168519    0.15979772    0.15791025    0.15602279    0.15447496    0.15292712    0.15137929    0.14983146    0.14828363    0.14673579    0.14518796    0.14364013    0.14209230    0.14054447    0.13899663    0.13744880    0.13590097    0.13435314    0.13280530    0.13125747    0.12970964    0.12816181    0.12661397    0.12474877    0.12288357    0.12101837    0.11915317    0.11728797    0.11542277

    0.18958048    0.18823708    0.18689369    0.18555029    0.18420689    0.18286349    0.18152010    0.18041843    0.17931677    0.17821510    0.17711344    0.17601178    0.17491011    0.17380845    0.17270678    0.17160512    0.17050345    0.16940179    0.16830012    0.16719846    0.16609680    0.16499513    0.16389347    0.16279180    0.16169014    0.16058847    0.15926685    0.15794522    0.15662360    0.15530197    0.15398035    0.15265872

    0.20944349    0.20880085    0.20815821    0.20751557    0.20687292    0.20623028    0.20558764    0.20506063    0.20453363    0.20400662    0.20347962    0.20295261    0.20242561    0.20189860    0.20137160    0.20084459    0.20031759    0.19979058    0.19926358    0.19873657    0.19820957    0.19768256    0.19715556    0.19662855    0.19610155    0.19557454    0.19495048    0.19432642    0.19370236    0.19307830    0.19245423    0.19183017

    0.22738376    0.22755415    0.22772455    0.22789494    0.22806533    0.22823572    0.22840611    0.22854585    0.22868558    0.22882531    0.22896504    0.22910477    0.22924450    0.22938423    0.22952397    0.22966370    0.22980343    0.22994316    0.23008289    0.23022262    0.23036235    0.23050208    0.23064182    0.23078155    0.23092128    0.23106101    0.23124654    0.23143207    0.23161760    0.23180313    0.23198867    0.23217420

    0.24372229    0.24478612    0.24584996    0.24691379    0.24797763    0.24904146    0.25010530    0.25097771    0.25185011    0.25272252    0.25359493    0.25446733    0.25533974    0.25621215    0.25708456    0.25795696    0.25882937    0.25970178    0.26057418    0.26144659    0.26231900    0.26319141    0.26406381    0.26493622    0.26580863    0.26668103    0.26775702    0.26883300    0.26990898    0.27098496    0.27206095    0.27313693

    0.25869166    0.26070564    0.26271961    0.26473359    0.26674757    0.26876155    0.27077553    0.27242711    0.27407869    0.27573027    0.27738185    0.27903343    0.28068501    0.28233659    0.28398817    0.28563975    0.28729134    0.28894292    0.29059450    0.29224608    0.29389766    0.29554924    0.29720082    0.29885240    0.30050398    0.30215556    0.30417926    0.30620295    0.30822665    0.31025035    0.31227404    0.31429774

    0.27246338    0.27546578    0.27846818    0.28147058    0.28447298    0.28747538    0.29047778    0.29293993    0.29540207    0.29786422    0.30032636    0.30278851    0.30525065    0.30771279    0.31017494    0.31263708    0.31509923    0.31756137    0.32002352    0.32248566    0.32494781    0.32740995    0.32987210    0.33233424    0.33479639    0.33725853    0.34026872    0.34327891    0.34628909    0.34929928    0.35230947    0.35531965

    0.28516653    0.28918069    0.29319484    0.29720900    0.30122315    0.30523731    0.30925147    0.31254331    0.31583515    0.31912700    0.32241884    0.32571068    0.32900253    0.33229437    0.33558621    0.33887806    0.34216990    0.34546174    0.34875359    0.35204543    0.35533728    0.35862912    0.36192096    0.36521281    0.36850465    0.37179649    0.37581691    0.37983733    0.38385774    0.38787816    0.39189858    0.39591899

    0.29690028    0.30193693    0.30697358    0.31201024    0.31704689    0.32208354    0.32712020    0.33125055    0.33538090    0.33951125    0.34364160    0.34777195    0.35190230    0.35603266    0.36016301    0.36429336    0.36842371    0.37255406    0.37668441    0.38081476    0.38494512    0.38907547    0.39320582    0.39733617    0.40146652    0.40559687    0.41063858    0.41568028    0.42072198    0.42576369    0.43080539    0.43584710

    0.30774234    0.31380129    0.31986024    0.32591919    0.33197814    0.33803709    0.34409604    0.34906474    0.35403343    0.35900213    0.36397082    0.36893952    0.37390821    0.37887691    0.38384560    0.38881430    0.39378299    0.39875169    0.40372038    0.40868908    0.41365777    0.41862647    0.42359516    0.42856386    0.43353255    0.43850125    0.44456428    0.45062732    0.45669036    0.46275339    0.46881643    0.47487946

    0.31775479    0.32482610    0.33189741    0.33896872    0.34604003    0.35311134    0.36018265    0.36598154    0.37178043    0.37757932    0.38337821    0.38917710    0.39497599    0.40077488    0.40657377    0.41237266    0.41817155    0.42397044    0.42976933    0.43556822    0.44136711    0.44716600    0.45296489    0.45876378    0.46456267    0.47036156    0.47743618    0.48451081    0.49158543    0.49866005    0.50573467    0.51280929

    0.32698805    0.33505298    0.34311790    0.35118282    0.35924774    0.36731266    0.37537759    0.38199130    0.38860500    0.39521871    0.40183242    0.40844613    0.41505984    0.42167355    0.42828726    0.43490097    0.44151468    0.44812839    0.45474210    0.46135581    0.46796952    0.47458323    0.48119693    0.48781064    0.49442435    0.50103806    0.50910567    0.51717327    0.52524087    0.53330848    0.54137608    0.54944369

    0.33548376    0.34451548    0.35354719    0.36257891    0.37161062    0.38064234    0.38967405    0.39708059    0.40448712    0.41189366    0.41930019    0.42670673    0.43411326    0.44151980    0.44892634    0.45633287    0.46373941    0.47114594    0.47855248    0.48595901    0.49336555    0.50077209    0.50817862    0.51558516    0.52299169    0.53039823    0.53943211    0.54846600    0.55749988    0.56653377    0.57556765    0.58460154

    0.34327675    0.35324100    0.36320525    0.37316950    0.38313375    0.39309800    0.40306224    0.41123351    0.41940478    0.42757605    0.43574732    0.44391859    0.45208986    0.46026113    0.46843240    0.47660367    0.48477494    0.49294620    0.50111747    0.50928874    0.51746001    0.52563128    0.53380255    0.54197382    0.55014509    0.55831636    0.56828236    0.57824836    0.58821436    0.59818036    0.60814636    0.61811236

    0.35039648    0.36125213    0.37210778    0.38296343    0.39381908    0.40467473    0.41553038    0.42443265    0.43333491    0.44223718    0.45113945    0.46004172    0.46894399    0.47784626    0.48674853    0.49565079    0.50455306    0.51345533    0.52235760    0.53125987    0.54016214    0.54906441    0.55796668    0.56686894    0.57577121    0.58467348    0.59553053    0.60638759    0.61724464    0.62810169    0.63895875    0.64981580

    0.35686816    0.36856772    0.38026727    0.39196682    0.40366637    0.41536592    0.42706547    0.43665979    0.44625411    0.45584843    0.46544274    0.47503706    0.48463138    0.49422570    0.50382002    0.51341434    0.52300865    0.53260297    0.54219729    0.55179161    0.56138593    0.57098025    0.58057456    0.59016888    0.59976320    0.60935752    0.62105819    0.63275886    0.64445953    0.65616020    0.66786087    0.67956154

    0.36271345    0.37520355    0.38769364    0.40018373    0.41267382    0.42516391    0.43765400    0.44789661    0.45813922    0.46838183    0.47862443    0.48886704    0.49910965    0.50935226    0.51959487    0.52983747    0.54008008    0.55032269    0.56056530    0.57080790    0.58105051    0.59129312    0.60153573    0.61177834    0.62202094    0.63226355    0.64475452    0.65724550    0.66973647    0.68222744    0.69471841    0.70720938

    0.36795106    0.38117295    0.39439484    0.40761673    0.42083862    0.43406051    0.44728240    0.45812512    0.46896785    0.47981057    0.49065329    0.50149602    0.51233874    0.52318147    0.53402419    0.54486692    0.55570964    0.56655237    0.57739509    0.58823781    0.59908054    0.60992326    0.62076599    0.63160871    0.64245144    0.65329416    0.66651673    0.67973931    0.69296188    0.70618445    0.71940702    0.73262959

    0.37259717    0.38648721    0.40037726    0.41426730    0.42815735    0.44204739    0.45593743    0.46732809    0.47871874    0.49010939    0.50150004    0.51289069    0.52428134    0.53567199    0.54706264    0.55845330    0.56984395    0.58123460    0.59262525    0.60401590    0.61540655    0.62679720    0.63818785    0.64957851    0.66096916    0.67235981    0.68625037    0.70014094    0.71403150    0.72792207    0.74181263    0.75570320

    0.37666571    0.39115586    0.40564600    0.42013615    0.43462630    0.44911644    0.46360659    0.47548936    0.48737213    0.49925490    0.51113766    0.52302043    0.53490320    0.54678597    0.55866874    0.57055151    0.58243428    0.59431705    0.60619982    0.61808259    0.62996536    0.64184813    0.65373090    0.66561367    0.67749644    0.68937921    0.70386974    0.71836027    0.73285080    0.74734133    0.76183186    0.77632239

    0.38016864    0.39518691    0.41020518    0.42522346    0.44024173    0.45526000    0.47027827    0.48259414    0.49491000    0.50722586    0.51954173    0.53185759    0.54417345    0.55648932    0.56880518    0.58112105    0.59343691    0.60575277    0.61806864    0.63038450    0.64270037    0.65501623    0.66733209    0.67964796    0.69196382    0.70427969    0.71929823    0.73431678    0.74933533    0.76435387    0.77937242    0.79439097

    0.38311606    0.39858707    0.41405807    0.42952907    0.44500007    0.46047107    0.47594207    0.48862920    0.50131633    0.51400346    0.52669059    0.53937772    0.55206485    0.56475198    0.57743911    0.59012624    0.60281336    0.61550049    0.62818762    0.64087475    0.65356188    0.66624901    0.67893614    0.69162327    0.70431040    0.71699753    0.73246871    0.74793990    0.76341109    0.77888228    0.79435347    0.80982466

    0.38551638    0.40136180    0.41720723    0.43305265    0.44889807    0.46474350    0.48058892    0.49358310    0.50657727    0.51957145    0.53256562    0.54555980    0.55855398    0.57154815    0.58454233    0.59753651    0.61053068    0.62352486    0.63651904    0.64951321    0.66250739    0.67550157    0.68849574    0.70148992    0.71448410    0.72747827    0.74332381    0.75916935    0.77501489    0.79086043    0.80670597    0.82255151

    0.38737637    0.40351551    0.41965465    0.43579379    0.45193293    0.46807206    0.48421120    0.49744625    0.51068129    0.52391633    0.53715137    0.55038641    0.56362145    0.57685650    0.59009154    0.60332658    0.61656162    0.62979666    0.64303170    0.65626674    0.66950179    0.68273683    0.69597187    0.70920691    0.72244195    0.73567699    0.75181620    0.76795540    0.78409461    0.80023381    0.81637302    0.83251222

    0.38870123    0.40505151    0.42140179    0.43775208    0.45410236    0.47045264    0.48680292    0.50021110    0.51361929    0.52702748    0.54043567    0.55384386    0.56725205    0.58066024    0.59406843    0.60747662    0.62088480    0.63429299    0.64770118    0.66110937    0.67451756    0.68792575    0.70133394    0.71474213    0.72815032    0.74155850    0.75790881    0.77425912    0.79060943    0.80695974    0.82331005    0.83966036

    0.38949468    0.40597219    0.42244969    0.43892719    0.45540469    0.47188220    0.48835970    0.50187222    0.51538474    0.52889725    0.54240977    0.55592229    0.56943481    0.58294733    0.59645985    0.60997237    0.62348488    0.63699740    0.65050992    0.66402244    0.67753496    0.69104748    0.70456000    0.71807251    0.73158503    0.74509755    0.76157506    0.77805257    0.79453008    0.81100759    0.82748510    0.84396261

    0.38975892    0.40627892    0.42279892    0.43931892    0.45583892    0.47235892    0.48887892    0.50242629    0.51597366    0.52952103    0.54306839    0.55661576    0.57016313    0.58371050    0.59725787    0.61080524    0.62435261    0.63789998    0.65144734    0.66499471    0.67854208    0.69208945    0.70563682    0.71918419    0.73273156    0.74627893    0.76279893    0.77931892    0.79583892    0.81235892    0.82887892    0.84539892

    0.38949468    0.40597219    0.42244969    0.43892719    0.45540469    0.47188220    0.48835970    0.50187222    0.51538474    0.52889725    0.54240977    0.55592229    0.56943481    0.58294733    0.59645985    0.60997237    0.62348488    0.63699740    0.65050992    0.66402244    0.67753496    0.69104748    0.70456000    0.71807251    0.73158503    0.74509755    0.76157506    0.77805257    0.79453008    0.81100759    0.82748510    0.84396261

    0.38870123    0.40505151    0.42140179    0.43775208    0.45410236    0.47045264    0.48680292    0.50021110    0.51361929    0.52702748    0.54043567    0.55384386    0.56725205    0.58066024    0.59406843    0.60747662    0.62088480    0.63429299    0.64770118    0.66110937    0.67451756    0.68792575    0.70133394    0.71474213    0.72815032    0.74155850    0.75790881    0.77425912    0.79060943    0.80695974    0.82331005    0.83966036

    0.38737637    0.40351551    0.41965465    0.43579379    0.45193293    0.46807206    0.48421120    0.49744625    0.51068129    0.52391633    0.53715137    0.55038641    0.56362145    0.57685650    0.59009154    0.60332658    0.61656162    0.62979666    0.64303170    0.65626674    0.66950179    0.68273683    0.69597187    0.70920691    0.72244195    0.73567699    0.75181620    0.76795540    0.78409461    0.80023381    0.81637302    0.83251222

    0.38551638    0.40136180    0.41720723    0.43305265    0.44889807    0.46474350    0.48058892    0.49358310    0.50657727    0.51957145    0.53256562    0.54555980    0.55855398    0.57154815    0.58454233    0.59753651    0.61053068    0.62352486    0.63651904    0.64951321    0.66250739    0.67550157    0.68849574    0.70148992    0.71448410    0.72747827    0.74332381    0.75916935    0.77501489    0.79086043    0.80670597    0.82255151

    0.38311606    0.39858707    0.41405807    0.42952907    0.44500007    0.46047107    0.47594207    0.48862920    0.50131633    0.51400346    0.52669059    0.53937772    0.55206485    0.56475198    0.57743911    0.59012624    0.60281336    0.61550049    0.62818762    0.64087475    0.65356188    0.66624901    0.67893614    0.69162327    0.70431040    0.71699753    0.73246871    0.74793990    0.76341109    0.77888228    0.79435347    0.80982466

    0.38016864    0.39518691    0.41020518    0.42522346    0.44024173    0.45526000    0.47027827    0.48259414    0.49491000    0.50722586    0.51954173    0.53185759    0.54417345    0.55648932    0.56880518    0.58112105    0.59343691    0.60575277    0.61806864    0.63038450    0.64270037    0.65501623    0.66733209    0.67964796    0.69196382    0.70427969    0.71929823    0.73431678    0.74933533    0.76435387    0.77937242    0.79439097

    0.37666571    0.39115586    0.40564600    0.42013615    0.43462630    0.44911644    0.46360659    0.47548936    0.48737213    0.49925490    0.51113766    0.52302043    0.53490320    0.54678597    0.55866874    0.57055151    0.58243428    0.59431705    0.60619982    0.61808259    0.62996536    0.64184813    0.65373090    0.66561367    0.67749644    0.68937921    0.70386974    0.71836027    0.73285080    0.74734133    0.76183186    0.77632239

    0.37259717    0.38648721    0.40037726    0.41426730    0.42815735    0.44204739    0.45593743    0.46732809    0.47871874    0.49010939    0.50150004    0.51289069    0.52428134    0.53567199    0.54706264    0.55845330    0.56984395    0.58123460    0.59262525    0.60401590    0.61540655    0.62679720    0.63818785    0.64957851    0.66096916    0.67235981    0.68625037    0.70014094    0.71403150    0.72792207    0.74181263    0.75570320

    0.36795106    0.38117295    0.39439484    0.40761673    0.42083862    0.43406051    0.44728240    0.45812512    0.46896785    0.47981057    0.49065329    0.50149602    0.51233874    0.52318147    0.53402419    0.54486692    0.55570964    0.56655237    0.57739509    0.58823781    0.59908054    0.60992326    0.62076599    0.63160871    0.64245144    0.65329416    0.66651673    0.67973931    0.69296188    0.70618445    0.71940702    0.73262959

    0.36271345    0.37520355    0.38769364    0.40018373    0.41267382    0.42516391    0.43765400    0.44789661    0.45813922    0.46838183    0.47862443    0.48886704    0.49910965    0.50935226    0.51959487    0.52983747    0.54008008    0.55032269    0.56056530    0.57080790    0.58105051    0.59129312    0.60153573    0.61177834    0.62202094    0.63226355    0.64475452    0.65724550    0.66973647    0.68222744    0.69471841    0.70720938

    0.35686816    0.36856772    0.38026727    0.39196682    0.40366637    0.41536592    0.42706547    0.43665979    0.44625411    0.45584843    0.46544274    0.47503706    0.48463138    0.49422570    0.50382002    0.51341434    0.52300865    0.53260297    0.54219729    0.55179161    0.56138593    0.57098025    0.58057456    0.59016888    0.59976320    0.60935752    0.62105819    0.63275886    0.64445953    0.65616020    0.66786087    0.67956154

    0.35039648    0.36125213    0.37210778    0.38296343    0.39381908    0.40467473    0.41553038    0.42443265    0.43333491    0.44223718    0.45113945    0.46004172    0.46894399    0.47784626    0.48674853    0.49565079    0.50455306    0.51345533    0.52235760    0.53125987    0.54016214    0.54906441    0.55796668    0.56686894    0.57577121    0.58467348    0.59553053    0.60638759    0.61724464    0.62810169    0.63895875    0.64981580

    0.34327675    0.35324100    0.36320525    0.37316950    0.38313375    0.39309800    0.40306224    0.41123351    0.41940478    0.42757605    0.43574732    0.44391859    0.45208986    0.46026113    0.46843240    0.47660367    0.48477494    0.49294620    0.50111747    0.50928874    0.51746001    0.52563128    0.53380255    0.54197382    0.55014509    0.55831636    0.56828236    0.57824836    0.58821436    0.59818036    0.60814636    0.61811236

    0.33548376    0.34451548    0.35354719    0.36257891    0.37161062    0.38064234    0.38967405    0.39708059    0.40448712    0.41189366    0.41930019    0.42670673    0.43411326    0.44151980    0.44892634    0.45633287    0.46373941    0.47114594    0.47855248    0.48595901    0.49336555    0.50077209    0.50817862    0.51558516    0.52299169    0.53039823    0.53943211    0.54846600    0.55749988    0.56653377    0.57556765    0.58460154

    0.32698805    0.33505298    0.34311790    0.35118282    0.35924774    0.36731266    0.37537759    0.38199130    0.38860500    0.39521871    0.40183242    0.40844613    0.41505984    0.42167355    0.42828726    0.43490097    0.44151468    0.44812839    0.45474210    0.46135581    0.46796952    0.47458323    0.48119693    0.48781064    0.49442435    0.50103806    0.50910567    0.51717327    0.52524087    0.53330848    0.54137608    0.54944369

    0.31775479    0.32482610    0.33189741    0.33896872    0.34604003    0.35311134    0.36018265    0.36598154    0.37178043    0.37757932    0.38337821    0.38917710    0.39497599    0.40077488    0.40657377    0.41237266    0.41817155    0.42397044    0.42976933    0.43556822    0.44136711    0.44716600    0.45296489    0.45876378    0.46456267    0.47036156    0.47743618    0.48451081    0.49158543    0.49866005    0.50573467    0.51280929

    0.30774234    0.31380129    0.31986024    0.32591919    0.33197814    0.33803709    0.34409604    0.34906474    0.35403343    0.35900213    0.36397082    0.36893952    0.37390821    0.37887691    0.38384560    0.38881430    0.39378299    0.39875169    0.40372038    0.40868908    0.41365777    0.41862647    0.42359516    0.42856386    0.43353255    0.43850125    0.44456428    0.45062732    0.45669036    0.46275339    0.46881643    0.47487946

    0.29690028    0.30193693    0.30697358    0.31201024    0.31704689    0.32208354    0.32712020    0.33125055    0.33538090    0.33951125    0.34364160    0.34777195    0.35190230    0.35603266    0.36016301    0.36429336    0.36842371    0.37255406    0.37668441    0.38081476    0.38494512    0.38907547    0.39320582    0.39733617    0.40146652    0.40559687    0.41063858    0.41568028    0.42072198    0.42576369    0.43080539    0.43584710

    0.28516653    0.28918069    0.29319484    0.29720900    0.30122315    0.30523731    0.30925147    0.31254331    0.31583515    0.31912700    0.32241884    0.32571068    0.32900253    0.33229437    0.33558621    0.33887806    0.34216990    0.34546174    0.34875359    0.35204543    0.35533728    0.35862912    0.36192096    0.36521281    0.36850465    0.37179649    0.37581691    0.37983733    0.38385774    0.38787816    0.39189858    0.39591899

    0.27246338    0.27546578    0.27846818    0.28147058    0.28447298    0.28747538    0.29047778    0.29293993    0.29540207    0.29786422    0.30032636    0.30278851    0.30525065    0.30771279    0.31017494    0.31263708    0.31509923    0.31756137    0.32002352    0.32248566    0.32494781    0.32740995    0.32987210    0.33233424    0.33479639    0.33725853    0.34026872    0.34327891    0.34628909    0.34929928    0.35230947    0.35531965

    0.25869166    0.26070564    0.26271961    0.26473359    0.26674757    0.26876155    0.27077553    0.27242711    0.27407869    0.27573027    0.27738185    0.27903343    0.28068501    0.28233659    0.28398817    0.28563975    0.28729134    0.28894292    0.29059450    0.29224608    0.29389766    0.29554924    0.29720082    0.29885240    0.30050398    0.30215556    0.30417926    0.30620295    0.30822665    0.31025035    0.31227404    0.31429774

    0.24372229    0.24478612    0.24584996    0.24691379    0.24797763    0.24904146    0.25010530    0.25097771    0.25185011    0.25272252    0.25359493    0.25446733    0.25533974    0.25621215    0.25708456    0.25795696    0.25882937    0.25970178    0.26057418    0.26144659    0.26231900    0.26319141    0.26406381    0.26493622    0.26580863    0.26668103    0.26775702    0.26883300    0.26990898    0.27098496    0.27206095    0.27313693

    0.22738376    0.22755415    0.22772455    0.22789494    0.22806533    0.22823572    0.22840611    0.22854585    0.22868558    0.22882531    0.22896504    0.22910477    0.22924450    0.22938423    0.22952397    0.22966370    0.22980343    0.22994316    0.23008289    0.23022262    0.23036235    0.23050208    0.23064182    0.23078155    0.23092128    0.23106101    0.23124654    0.23143207    0.23161760    0.23180313    0.23198867    0.23217420

    0.20944349    0.20880085    0.20815821    0.20751557    0.20687292    0.20623028    0.20558764    0.20506063    0.20453363    0.20400662    0.20347962    0.20295261    0.20242561    0.20189860    0.20137160    0.20084459    0.20031759    0.19979058    0.19926358    0.19873657    0.19820957    0.19768256    0.19715556    0.19662855    0.19610155    0.19557454    0.19495048    0.19432642    0.19370236    0.19307830    0.19245423    0.19183017

    0.18958048    0.18823708    0.18689369    0.18555029    0.18420689    0.18286349    0.18152010    0.18041843    0.17931677    0.17821510    0.17711344    0.17601178    0.17491011    0.17380845    0.17270678    0.17160512    0.17050345    0.16940179    0.16830012    0.16719846    0.16609680    0.16499513    0.16389347    0.16279180    0.16169014    0.16058847    0.15926685    0.15794522    0.15662360    0.15530197    0.15398035    0.15265872

    0.16734758    0.16546012    0.16357265    0.16168519    0.15979772    0.15791025    0.15602279    0.15447496    0.15292712    0.15137929    0.14983146    0.14828363    0.14673579    0.14518796    0.14364013    0.14209230    0.14054447    0.13899663    0.13744880    0.13590097    0.13435314    0.13280530    0.13125747    0.12970964    0.12816181    0.12661397    0.12474877    0.12288357    0.12101837    0.11915317    0.11728797    0.11542277

    0.14213032    0.13991796    0.13770561    0.13549325    0.13328089    0.13106854    0.12885618    0.12704192    0.12522766    0.12341340    0.12159914    0.11978487    0.11797061    0.11615635    0.11434209    0.11252783    0.11071357    0.10889931    0.10708504    0.10527078    0.10345652    0.10164226    0.09982800    0.09801374    0.09619948    0.09438521    0.09218609    0.08998697    0.08778784    0.08558872    0.08338959    0.08119047

    0.11314440    0.11090959    0.10867477    0.10643996    0.10420515    0.10197034    0.09973552    0.09790285    0.09607017    0.09423749    0.09240481    0.09057214    0.08873946    0.08690678    0.08507410    0.08324143    0.08140875    0.07957607    0.07774339    0.07591072    0.07407804    0.07224536    0.07041268    0.06858001    0.06674733    0.06491465    0.06266080    0.06040695    0.05815309    0.05589924    0.05364539    0.05139153

    0.07961558    0.07774886    0.07588214    0.07401542    0.07214870    0.07028198    0.06841526    0.06688444    0.06535362    0.06382280    0.06229198    0.06076115    0.05923033    0.05769951    0.05616869    0.05463787    0.05310705    0.05157623    0.05004541    0.04851459    0.04698377    0.04545295    0.04392213    0.04239131    0.04086049    0.03932966    0.03738280    0.03543594    0.03348908    0.03154222    0.02959536    0.02764850

    0.04140647    0.04032754    0.03924862    0.03816969    0.03709077    0.03601184    0.03493292    0.03404814    0.03316335    0.03227857    0.03139379    0.03050901    0.02962423    0.02873945    0.02785467    0.02696988    0.02608510    0.02520032    0.02431554    0.02343076    0.02254598    0.02166120    0.02077641    0.01989163    0.01900685    0.01812207    0.01693676    0.01575145    0.01456614    0.01338084    0.01219553    0.01101022

    0.00000000    0.00000000    0.00000000    0.00000000    0.00000000    0.00000000    0.00000003    0.00000000    0.00000000    0.00000000    0.00000000    0.00000000    0.00000000    0.00000000    0.00000000    0.00000000    0.00000000    0.00000000    0.00000000    0.00000000    0.00000000    0.00000000    0.00000000    0.00000000    0.00000000    0.00000000    0.00000000    0.00000000    0.00000000    0.00000000    0.00000000    0.00000000

 ]
                                                                     
                                                                     
 y=[
    0.10194356    0.11846356    0.13498356    0.15150356    0.16802356    0.18454356    0.20106356    0.21461092    0.22815829    0.24170566    0.25525303    0.26880040    0.28234777    0.29589514    0.30944251    0.32298987    0.33653724    0.35008461    0.36363198    0.37717935    0.39072672    0.40427409    0.41782146    0.43136882    0.44491619    0.45846356    0.47498356    0.49150356    0.50802356    0.52454356    0.54106356    0.55758356

    0.10340335    0.11988808    0.13637280    0.15285753    0.16934226    0.18582699    0.20231172    0.21583017    0.22934861    0.24286706    0.25638550    0.26990395    0.28342239    0.29694084    0.31045928    0.32397773    0.33749617    0.35101462    0.36453307    0.37805151    0.39156996    0.40508840    0.41860685    0.43212529    0.44564374    0.45916218    0.47563960    0.49211703    0.50859445    0.52507187    0.54154929    0.55802671

    0.10705617    0.12347036    0.13988456    0.15629875    0.17271294    0.18912714    0.20554133    0.21900193    0.23246253    0.24592313    0.25938373    0.27284434    0.28630494    0.29976554    0.31322614    0.32668674    0.34014734    0.35360794    0.36706854    0.38052915    0.39398975    0.40745035    0.42091095    0.43437155    0.44783215    0.46129275    0.47769763    0.49410252    0.51050740    0.52691228    0.54331716    0.55972204

    0.11147263    0.12784077    0.14420891    0.16057705    0.17694519    0.19331333    0.20968147    0.22310430    0.23652713    0.24994997    0.26337280    0.27679564    0.29021847    0.30364131    0.31706414    0.33048698    0.34390981    0.35733265    0.37075548    0.38417832    0.39760115    0.41102399    0.42444682    0.43786966    0.45129249    0.46471533    0.48108085    0.49744638    0.51381191    0.53017744    0.54654297    0.56290850

    0.11556645    0.13193764    0.14830883    0.16468002    0.18105121    0.19742240    0.21379359    0.22721892    0.24064426    0.25406960    0.26749493    0.28092027    0.29434561    0.30777094    0.32119628    0.33462162    0.34804695    0.36147229    0.37489762    0.38832296    0.40174830    0.41517363    0.42859897    0.44202431    0.45544964    0.46887498    0.48524795    0.50162092    0.51799390    0.53436687    0.55073984    0.56711282

    0.11881704    0.13522886    0.15164068    0.16805250    0.18446432    0.20087614    0.21728797    0.23074662    0.24420528    0.25766393    0.27112259    0.28458124    0.29803990    0.31149856    0.32495721    0.33841587    0.35187452    0.36533318    0.37879183    0.39225049    0.40570915    0.41916780    0.43262646    0.44608511    0.45954377    0.47300242    0.48941679    0.50583116    0.52224552    0.53865989    0.55507425    0.57148862

    0.12105856    0.13752385    0.15398913    0.17045442    0.18691971    0.20338499    0.21985028    0.23335278    0.24685528    0.26035778    0.27386028    0.28736278    0.30086529    0.31436779    0.32787029    0.34137279    0.35487529    0.36837779    0.38188029    0.39538279    0.40888529    0.42238780    0.43589030    0.44939280    0.46289530    0.47639780    0.49286485    0.50933190    0.52579895    0.54226599    0.55873304    0.57520009

    0.12228697    0.13879447    0.15530196    0.17180946    0.18831695    0.20482445    0.22133194    0.23486906    0.24840617    0.26194329    0.27548040    0.28901752    0.30255463    0.31609175    0.32962886    0.34316597    0.35670309    0.37024020    0.38377732    0.39731443    0.41085155    0.42438866    0.43792577    0.45146289    0.46500000    0.47853712    0.49504533    0.51155353    0.52806174    0.54456995    0.56107816    0.57758637

    0.12256084    0.13907997    0.15559909    0.17211821    0.18863733    0.20515645    0.22167557    0.23522222    0.24876887    0.26231551    0.27586216    0.28940881    0.30295546    0.31650211    0.33004875    0.34359540    0.35714205    0.37068870    0.38423535    0.39778199    0.41132864    0.42487529    0.43842194    0.45196859    0.46551524    0.47906188    0.49558084    0.51209980    0.52861876    0.54513771    0.56165667    0.57817563

    0.12195849    0.13844420    0.15492991    0.17141562    0.18790133    0.20438704    0.22087275    0.23439200    0.24791125    0.26143050    0.27494975    0.28846900    0.30198825    0.31550750    0.32902675    0.34254600    0.35606525    0.36958450    0.38310375    0.39662299    0.41014224    0.42366149    0.43718074    0.45069999    0.46421924    0.47773849    0.49422341    0.51070834    0.52719326    0.54367818    0.56016310    0.57664802

    0.12056078    0.13695756    0.15335433    0.16975111    0.18614789    0.20254466    0.21894144    0.23238776    0.24583408    0.25928039    0.27272671    0.28617303    0.29961935    0.31306567    0.32651199    0.33995831    0.35340462    0.36685094    0.38029726    0.39374358    0.40718990    0.42063622    0.43408254    0.44752885    0.46097517    0.47442149    0.49081707    0.50721265    0.52360823    0.54000381    0.55639939    0.57279497

    0.11844464    0.13468952    0.15093439    0.16717927    0.18342414    0.19966902    0.21591389    0.22923564    0.24255739    0.25587914    0.26920090    0.28252265    0.29584440    0.30916615    0.32248790    0.33580965    0.34913140    0.36245315    0.37577490    0.38909665    0.40241840    0.41574015    0.42906190    0.44238365    0.45570541    0.46902716    0.48527059    0.50151402    0.51775746    0.53400089    0.55024433    0.56648776

    0.11568095    0.13170584    0.14773072    0.16375561    0.17978049    0.19580538    0.21183026    0.22497161    0.23811295    0.25125430    0.26439565    0.27753699    0.29067834    0.30381968    0.31696103    0.33010237    0.34324372    0.35638507    0.36952641    0.38266776    0.39580910    0.40895045    0.42209179    0.43523314    0.44837448    0.46151583    0.47753915    0.49356246    0.50958578    0.52560909    0.54163241    0.55765572

    0.11233424    0.12806773    0.14380121    0.15953469    0.17526818    0.19100166    0.20673514    0.21963752    0.23253990    0.24544228    0.25834466    0.27124704    0.28414942    0.29705180    0.30995418    0.32285656    0.33575894    0.34866132    0.36156370    0.37446608    0.38736846    0.40027084    0.41317322    0.42607560    0.43897798    0.45188036    0.46761222    0.48334409    0.49907595    0.51480782    0.53053969    0.54627155

    0.10846300    0.12383179    0.13920057    0.15456935    0.16993814    0.18530692    0.20067570    0.21327901    0.22588231    0.23848562    0.25108892    0.26369222    0.27629553    0.28889883    0.30150214    0.31410544    0.32670874    0.33931205    0.35191535    0.36451866    0.37712196    0.38972526    0.40232857    0.41493187    0.42753518    0.44013848    0.45550565    0.47087282    0.48624000    0.50160717    0.51697434    0.53234151

    0.10412027    0.11905034    0.13398041    0.14891048    0.16384055    0.17877062    0.19370068    0.20594422    0.21818775    0.23043128    0.24267481    0.25491834    0.26716188    0.27940541    0.29164894    0.30389247    0.31613600    0.32837954    0.34062307    0.35286660    0.36511013    0.37735366    0.38959720    0.40184073    0.41408426    0.42632779    0.44125629    0.45618479    0.47111329    0.48604179    0.50097029    0.51589879

    0.09935422    0.11377182    0.12818943    0.14260704    0.15702465    0.17144226    0.18585986    0.19768315    0.20950643    0.22132972    0.23315300    0.24497628    0.25679957    0.26862285    0.28044614    0.29226942    0.30409271    0.31591599    0.32773927    0.33956256    0.35138584    0.36320913    0.37503241    0.38685569    0.39867898    0.41050226    0.42491837    0.43933448    0.45375058    0.46816669    0.48258280    0.49699891

    0.09420868    0.10804120    0.12187372    0.13570623    0.14953875    0.16337127    0.17720378    0.18854726    0.19989074    0.21123421    0.22257769    0.23392116    0.24526464    0.25660811    0.26795159    0.27929506    0.29063854    0.30198201    0.31332549    0.32466896    0.33601244    0.34735591    0.35869939    0.37004286    0.38138634    0.39272981    0.40656091    0.42039201    0.43422311    0.44805421    0.46188531    0.47571641

    0.08872372    0.10190037    0.11507702    0.12825367    0.14143032    0.15460697    0.16778362    0.17858925    0.18939487    0.20020050    0.21100613    0.22181175    0.23261738    0.24342301    0.25422863    0.26503426    0.27583988    0.28664551    0.29745114    0.30825676    0.31906239    0.32986802    0.34067364    0.35147927    0.36228490    0.37309052    0.38626585    0.39944117    0.41261650    0.42579183    0.43896715    0.45214248

    0.08293598    0.09538850    0.10784102    0.12029354    0.13274606    0.14519858    0.15765110    0.16786290    0.17807470    0.18828649    0.19849829    0.20871009    0.21892189    0.22913369    0.23934548    0.24955728    0.25976908    0.26998088    0.28019267    0.29040447    0.30061627    0.31082807    0.32103986    0.33125166    0.34146346    0.35167526    0.36412655    0.37657785    0.38902915    0.40148044    0.41393174    0.42638304

    0.07687912    0.08854235    0.10020558    0.11186881    0.12353204    0.13519526    0.14685849    0.15642302    0.16598755    0.17555209    0.18511662    0.19468115    0.20424568    0.21381021    0.22337474    0.23293927    0.24250380    0.25206833    0.26163287    0.27119740    0.28076193    0.29032646    0.29989099    0.30945552    0.31902005    0.32858458    0.34024669    0.35190880    0.36357090    0.37523301    0.38689511    0.39855722

    0.07058417    0.08139657    0.09220897    0.10302137    0.11383377    0.12464617    0.13545857    0.14432538    0.15319218    0.16205898    0.17092578    0.17979259    0.18865939    0.19752619    0.20639299    0.21525980    0.22412660    0.23299340    0.24186020    0.25072701    0.25959381    0.26846061    0.27732741    0.28619422    0.29506102    0.30392782    0.31473920    0.32555059    0.33636197    0.34717335    0.35798473    0.36879612

    0.06407978    0.07398392    0.08388806    0.09379221    0.10369635    0.11360049    0.12350464    0.13162661    0.13974859    0.14787057    0.15599255    0.16411453    0.17223650    0.18035848    0.18848046    0.19660244    0.20472442    0.21284639    0.22096837    0.22909035    0.23721233    0.24533431    0.25345628    0.26157826    0.26970024    0.27782222    0.28772545    0.29762868    0.30753191    0.31743514    0.32733837    0.33724160

    0.05739252    0.06633551    0.07527850    0.08422149    0.09316448    0.10210747    0.11105045    0.11838423    0.12571801    0.13305178    0.14038556    0.14771933    0.15505311    0.16238688    0.16972066    0.17705443    0.18438821    0.19172199    0.19905576    0.20638954    0.21372331    0.22105709    0.22839086    0.23572464    0.24305841    0.25039219    0.25933437    0.26827655    0.27721873    0.28616091    0.29510309    0.30404528

    0.05054715    0.05848100    0.06641486    0.07434871    0.08228257    0.09021642    0.09815028    0.10465651    0.11116273    0.11766896    0.12417519    0.13068141    0.13718764    0.14369387    0.15020009    0.15670632    0.16321255    0.16971878    0.17622500    0.18273123    0.18923746    0.19574368    0.20224991    0.20875614    0.21526236    0.22176859    0.22970174    0.23763489    0.24556804    0.25350120    0.26143435    0.26936750

    0.04356681    0.05044881    0.05733081    0.06421280    0.07109480    0.07797680    0.08485880    0.09050244    0.09614608    0.10178973    0.10743337    0.11307701    0.11872065    0.12436429    0.13000794    0.13565158    0.14129522    0.14693886    0.15258250    0.15822615    0.16386979    0.16951343    0.17515707    0.18080071    0.18644436    0.19208800    0.19896940    0.20585079    0.21273219    0.21961359    0.22649498    0.23337638

    0.03647329    0.04226626    0.04805923    0.05385220    0.05964517    0.06543814    0.07123110    0.07598168    0.08073225    0.08548283    0.09023340    0.09498398    0.09973455    0.10448513    0.10923570    0.11398627    0.11873685    0.12348742    0.12823800    0.13298857    0.13773915    0.14248972    0.14724029    0.15199087    0.15674144    0.16149202    0.16728449    0.17307696    0.17886943    0.18466190    0.19045437    0.19624684

    0.02928721    0.03395978    0.03863235    0.04330493    0.04797750    0.05265008    0.05732265    0.06115444    0.06498622    0.06881801    0.07264979    0.07648158    0.08031336    0.08414515    0.08797693    0.09180872    0.09564050    0.09947229    0.10330407    0.10713586    0.11096764    0.11479943    0.11863121    0.12246300    0.12629478    0.13012657    0.13479874    0.13947092    0.14414310    0.14881527    0.15348745    0.15815963

    0.02202821    0.02555504    0.02908187    0.03260871    0.03613554    0.03966237    0.04318920    0.04608141    0.04897362    0.05186583    0.05475804    0.05765025    0.06054246    0.06343467    0.06632688    0.06921909    0.07211130    0.07500351    0.07789572    0.08078793    0.08368014    0.08657235    0.08946456    0.09235677    0.09524898    0.09814119    0.10166772    0.10519426    0.10872079    0.11224733    0.11577386    0.11930040

    0.01471519    0.01707712    0.01943905    0.02180098    0.02416292    0.02652485    0.02888678    0.03082370    0.03276063    0.03469755    0.03663447    0.03857139    0.04050832    0.04244524    0.04438216    0.04631909    0.04825601    0.05019293    0.05212985    0.05406678    0.05600370    0.05794062    0.05987754    0.06181447    0.06375139    0.06568831    0.06805005    0.07041178    0.07277351    0.07513525    0.07749698    0.07985872

    0.00736647    0.00855066    0.00973485    0.01091903    0.01210322    0.01328741    0.01447160    0.01544270    0.01641380    0.01738491    0.01835601    0.01932711    0.02029822    0.02126932    0.02224042    0.02321153    0.02418263    0.02515373    0.02612484    0.02709594    0.02806704    0.02903815    0.03000925    0.03098035    0.03195146    0.03292256    0.03410665    0.03529074    0.03647482    0.03765891    0.03884300    0.04002709

    0.00000000    0.00000000    0.00000000    0.00000000    0.00000000    0.00000000    0.00000000    0.00000000    0.00000000    0.00000000    0.00000000    0.00000000    0.00000000    0.00000000    0.00000000    0.00000000    0.00000000    0.00000000    0.00000000    0.00000000    0.00000000    0.00000000    0.00000000    0.00000000    0.00000000    0.00000000    0.00000000    0.00000000    0.00000000    0.00000000    0.00000000    0.00000000

   -0.00736647   -0.00855066   -0.00973485   -0.01091903   -0.01210322   -0.01328741   -0.01447160   -0.01544270   -0.01641380   -0.01738491   -0.01835601   -0.01932711   -0.02029822   -0.02126932   -0.02224042   -0.02321153   -0.02418263   -0.02515373   -0.02612484   -0.02709594   -0.02806704   -0.02903815   -0.03000925   -0.03098035   -0.03195146   -0.03292256   -0.03410665   -0.03529074   -0.03647482   -0.03765891   -0.03884300   -0.04002709

   -0.01471519   -0.01707712   -0.01943905   -0.02180098   -0.02416292   -0.02652485   -0.02888678   -0.03082370   -0.03276063   -0.03469755   -0.03663447   -0.03857139   -0.04050832   -0.04244524   -0.04438216   -0.04631909   -0.04825601   -0.05019293   -0.05212985   -0.05406678   -0.05600370   -0.05794062   -0.05987754   -0.06181447   -0.06375139   -0.06568831   -0.06805005   -0.07041178   -0.07277351   -0.07513525   -0.07749698   -0.07985872

   -0.02202821   -0.02555504   -0.02908187   -0.03260871   -0.03613554   -0.03966237   -0.04318920   -0.04608141   -0.04897362   -0.05186583   -0.05475804   -0.05765025   -0.06054246   -0.06343467   -0.06632688   -0.06921909   -0.07211130   -0.07500351   -0.07789572   -0.08078793   -0.08368014   -0.08657235   -0.08946456   -0.09235677   -0.09524898   -0.09814119   -0.10166772   -0.10519426   -0.10872079   -0.11224733   -0.11577386   -0.11930040

   -0.02928721   -0.03395978   -0.03863235   -0.04330493   -0.04797750   -0.05265008   -0.05732265   -0.06115444   -0.06498622   -0.06881801   -0.07264979   -0.07648158   -0.08031336   -0.08414515   -0.08797693   -0.09180872   -0.09564050   -0.09947229   -0.10330407   -0.10713586   -0.11096764   -0.11479943   -0.11863121   -0.12246300   -0.12629478   -0.13012657   -0.13479874   -0.13947092   -0.14414310   -0.14881527   -0.15348745   -0.15815963

   -0.03647329   -0.04226626   -0.04805923   -0.05385220   -0.05964517   -0.06543814   -0.07123110   -0.07598168   -0.08073225   -0.08548283   -0.09023340   -0.09498398   -0.09973455   -0.10448513   -0.10923570   -0.11398627   -0.11873685   -0.12348742   -0.12823800   -0.13298857   -0.13773915   -0.14248972   -0.14724029   -0.15199087   -0.15674144   -0.16149202   -0.16728449   -0.17307696   -0.17886943   -0.18466190   -0.19045437   -0.19624684

   -0.04356681   -0.05044881   -0.05733081   -0.06421280   -0.07109480   -0.07797680   -0.08485880   -0.09050244   -0.09614608   -0.10178973   -0.10743337   -0.11307701   -0.11872065   -0.12436429   -0.13000794   -0.13565158   -0.14129522   -0.14693886   -0.15258250   -0.15822615   -0.16386979   -0.16951343   -0.17515707   -0.18080071   -0.18644436   -0.19208800   -0.19896940   -0.20585079   -0.21273219   -0.21961359   -0.22649498   -0.23337638

   -0.05054715   -0.05848100   -0.06641486   -0.07434871   -0.08228257   -0.09021642   -0.09815028   -0.10465651   -0.11116273   -0.11766896   -0.12417519   -0.13068141   -0.13718764   -0.14369387   -0.15020009   -0.15670632   -0.16321255   -0.16971878   -0.17622500   -0.18273123   -0.18923746   -0.19574368   -0.20224991   -0.20875614   -0.21526236   -0.22176859   -0.22970174   -0.23763489   -0.24556804   -0.25350120   -0.26143435   -0.26936750

   -0.05739252   -0.06633551   -0.07527850   -0.08422149   -0.09316448   -0.10210747   -0.11105045   -0.11838423   -0.12571801   -0.13305178   -0.14038556   -0.14771933   -0.15505311   -0.16238688   -0.16972066   -0.17705443   -0.18438821   -0.19172199   -0.19905576   -0.20638954   -0.21372331   -0.22105709   -0.22839086   -0.23572464   -0.24305841   -0.25039219   -0.25933437   -0.26827655   -0.27721873   -0.28616091   -0.29510309   -0.30404528

   -0.06407978   -0.07398392   -0.08388806   -0.09379221   -0.10369635   -0.11360049   -0.12350464   -0.13162661   -0.13974859   -0.14787057   -0.15599255   -0.16411453   -0.17223650   -0.18035848   -0.18848046   -0.19660244   -0.20472442   -0.21284639   -0.22096837   -0.22909035   -0.23721233   -0.24533431   -0.25345628   -0.26157826   -0.26970024   -0.27782222   -0.28772545   -0.29762868   -0.30753191   -0.31743514   -0.32733837   -0.33724160

   -0.07058417   -0.08139657   -0.09220897   -0.10302137   -0.11383377   -0.12464617   -0.13545857   -0.14432538   -0.15319218   -0.16205898   -0.17092578   -0.17979259   -0.18865939   -0.19752619   -0.20639299   -0.21525980   -0.22412660   -0.23299340   -0.24186020   -0.25072701   -0.25959381   -0.26846061   -0.27732741   -0.28619422   -0.29506102   -0.30392782   -0.31473920   -0.32555059   -0.33636197   -0.34717335   -0.35798473   -0.36879612

   -0.07687912   -0.08854235   -0.10020558   -0.11186881   -0.12353204   -0.13519526   -0.14685849   -0.15642302   -0.16598755   -0.17555209   -0.18511662   -0.19468115   -0.20424568   -0.21381021   -0.22337474   -0.23293927   -0.24250380   -0.25206833   -0.26163287   -0.27119740   -0.28076193   -0.29032646   -0.29989099   -0.30945552   -0.31902005   -0.32858458   -0.34024669   -0.35190880   -0.36357090   -0.37523301   -0.38689511   -0.39855722

   -0.08293598   -0.09538850   -0.10784102   -0.12029354   -0.13274606   -0.14519858   -0.15765110   -0.16786290   -0.17807470   -0.18828649   -0.19849829   -0.20871009   -0.21892189   -0.22913369   -0.23934548   -0.24955728   -0.25976908   -0.26998088   -0.28019267   -0.29040447   -0.30061627   -0.31082807   -0.32103986   -0.33125166   -0.34146346   -0.35167526   -0.36412655   -0.37657785   -0.38902915   -0.40148044   -0.41393174   -0.42638304

   -0.08872372   -0.10190037   -0.11507702   -0.12825367   -0.14143032   -0.15460697   -0.16778362   -0.17858925   -0.18939487   -0.20020050   -0.21100613   -0.22181175   -0.23261738   -0.24342301   -0.25422863   -0.26503426   -0.27583988   -0.28664551   -0.29745114   -0.30825676   -0.31906239   -0.32986802   -0.34067364   -0.35147927   -0.36228490   -0.37309052   -0.38626585   -0.39944117   -0.41261650   -0.42579183   -0.43896715   -0.45214248

   -0.09420868   -0.10804120   -0.12187372   -0.13570623   -0.14953875   -0.16337127   -0.17720378   -0.18854726   -0.19989074   -0.21123421   -0.22257769   -0.23392116   -0.24526464   -0.25660811   -0.26795159   -0.27929506   -0.29063854   -0.30198201   -0.31332549   -0.32466896   -0.33601244   -0.34735591   -0.35869939   -0.37004286   -0.38138634   -0.39272981   -0.40656091   -0.42039201   -0.43422311   -0.44805421   -0.46188531   -0.47571641

   -0.09935422   -0.11377182   -0.12818943   -0.14260704   -0.15702465   -0.17144226   -0.18585986   -0.19768315   -0.20950643   -0.22132972   -0.23315300   -0.24497628   -0.25679957   -0.26862285   -0.28044614   -0.29226942   -0.30409271   -0.31591599   -0.32773927   -0.33956256   -0.35138584   -0.36320913   -0.37503241   -0.38685569   -0.39867898   -0.41050226   -0.42491837   -0.43933448   -0.45375058   -0.46816669   -0.48258280   -0.49699891

   -0.10412027   -0.11905034   -0.13398041   -0.14891048   -0.16384055   -0.17877062   -0.19370068   -0.20594422   -0.21818775   -0.23043128   -0.24267481   -0.25491834   -0.26716188   -0.27940541   -0.29164894   -0.30389247   -0.31613600   -0.32837954   -0.34062307   -0.35286660   -0.36511013   -0.37735366   -0.38959720   -0.40184073   -0.41408426   -0.42632779   -0.44125629   -0.45618479   -0.47111329   -0.48604179   -0.50097029   -0.51589879

   -0.10846300   -0.12383179   -0.13920057   -0.15456935   -0.16993814   -0.18530692   -0.20067570   -0.21327901   -0.22588231   -0.23848562   -0.25108892   -0.26369222   -0.27629553   -0.28889883   -0.30150214   -0.31410544   -0.32670874   -0.33931205   -0.35191535   -0.36451866   -0.37712196   -0.38972526   -0.40232857   -0.41493187   -0.42753518   -0.44013848   -0.45550565   -0.47087282   -0.48624000   -0.50160717   -0.51697434   -0.53234151

   -0.11233424   -0.12806773   -0.14380121   -0.15953469   -0.17526818   -0.19100166   -0.20673514   -0.21963752   -0.23253990   -0.24544228   -0.25834466   -0.27124704   -0.28414942   -0.29705180   -0.30995418   -0.32285656   -0.33575894   -0.34866132   -0.36156370   -0.37446608   -0.38736846   -0.40027084   -0.41317322   -0.42607560   -0.43897798   -0.45188036   -0.46761222   -0.48334409   -0.49907595   -0.51480782   -0.53053969   -0.54627155

   -0.11568095   -0.13170584   -0.14773072   -0.16375561   -0.17978049   -0.19580538   -0.21183026   -0.22497161   -0.23811295   -0.25125430   -0.26439565   -0.27753699   -0.29067834   -0.30381968   -0.31696103   -0.33010237   -0.34324372   -0.35638507   -0.36952641   -0.38266776   -0.39580910   -0.40895045   -0.42209179   -0.43523314   -0.44837448   -0.46151583   -0.47753915   -0.49356246   -0.50958578   -0.52560909   -0.54163241   -0.55765572

   -0.11844464   -0.13468952   -0.15093439   -0.16717927   -0.18342414   -0.19966902   -0.21591389   -0.22923564   -0.24255739   -0.25587914   -0.26920090   -0.28252265   -0.29584440   -0.30916615   -0.32248790   -0.33580965   -0.34913140   -0.36245315   -0.37577490   -0.38909665   -0.40241840   -0.41574015   -0.42906190   -0.44238365   -0.45570541   -0.46902716   -0.48527059   -0.50151402   -0.51775746   -0.53400089   -0.55024433   -0.56648776

   -0.12056078   -0.13695756   -0.15335433   -0.16975111   -0.18614789   -0.20254466   -0.21894144   -0.23238776   -0.24583408   -0.25928039   -0.27272671   -0.28617303   -0.29961935   -0.31306567   -0.32651199   -0.33995831   -0.35340462   -0.36685094   -0.38029726   -0.39374358   -0.40718990   -0.42063622   -0.43408254   -0.44752885   -0.46097517   -0.47442149   -0.49081707   -0.50721265   -0.52360823   -0.54000381   -0.55639939   -0.57279497

   -0.12195849   -0.13844420   -0.15492991   -0.17141562   -0.18790133   -0.20438704   -0.22087275   -0.23439200   -0.24791125   -0.26143050   -0.27494975   -0.28846900   -0.30198825   -0.31550750   -0.32902675   -0.34254600   -0.35606525   -0.36958450   -0.38310375   -0.39662299   -0.41014224   -0.42366149   -0.43718074   -0.45069999   -0.46421924   -0.47773849   -0.49422341   -0.51070834   -0.52719326   -0.54367818   -0.56016310   -0.57664802

   -0.12256084   -0.13907997   -0.15559909   -0.17211821   -0.18863733   -0.20515645   -0.22167557   -0.23522222   -0.24876887   -0.26231551   -0.27586216   -0.28940881   -0.30295546   -0.31650211   -0.33004875   -0.34359540   -0.35714205   -0.37068870   -0.38423535   -0.39778199   -0.41132864   -0.42487529   -0.43842194   -0.45196859   -0.46551524   -0.47906188   -0.49558084   -0.51209980   -0.52861876   -0.54513771   -0.56165667   -0.57817563

   -0.12228697   -0.13879447   -0.15530196   -0.17180946   -0.18831695   -0.20482445   -0.22133194   -0.23486906   -0.24840617   -0.26194329   -0.27548040   -0.28901752   -0.30255463   -0.31609175   -0.32962886   -0.34316597   -0.35670309   -0.37024020   -0.38377732   -0.39731443   -0.41085155   -0.42438866   -0.43792577   -0.45146289   -0.46500000   -0.47853712   -0.49504533   -0.51155353   -0.52806174   -0.54456995   -0.56107816   -0.57758637

   -0.12105856   -0.13752385   -0.15398913   -0.17045442   -0.18691971   -0.20338499   -0.21985028   -0.23335278   -0.24685528   -0.26035778   -0.27386028   -0.28736278   -0.30086529   -0.31436779   -0.32787029   -0.34137279   -0.35487529   -0.36837779   -0.38188029   -0.39538279   -0.40888529   -0.42238780   -0.43589030   -0.44939280   -0.46289530   -0.47639780   -0.49286485   -0.50933190   -0.52579895   -0.54226599   -0.55873304   -0.57520009

   -0.11881704   -0.13522886   -0.15164068   -0.16805250   -0.18446432   -0.20087614   -0.21728797   -0.23074662   -0.24420528   -0.25766393   -0.27112259   -0.28458124   -0.29803990   -0.31149856   -0.32495721   -0.33841587   -0.35187452   -0.36533318   -0.37879183   -0.39225049   -0.40570915   -0.41916780   -0.43262646   -0.44608511   -0.45954377   -0.47300242   -0.48941679   -0.50583116   -0.52224552   -0.53865989   -0.55507425   -0.57148862

   -0.11556645   -0.13193764   -0.14830883   -0.16468002   -0.18105121   -0.19742240   -0.21379359   -0.22721892   -0.24064426   -0.25406960   -0.26749493   -0.28092027   -0.29434561   -0.30777094   -0.32119628   -0.33462162   -0.34804695   -0.36147229   -0.37489762   -0.38832296   -0.40174830   -0.41517363   -0.42859897   -0.44202431   -0.45544964   -0.46887498   -0.48524795   -0.50162092   -0.51799390   -0.53436687   -0.55073984   -0.56711282

   -0.11147263   -0.12784077   -0.14420891   -0.16057705   -0.17694519   -0.19331333   -0.20968147   -0.22310430   -0.23652713   -0.24994997   -0.26337280   -0.27679564   -0.29021847   -0.30364131   -0.31706414   -0.33048698   -0.34390981   -0.35733265   -0.37075548   -0.38417832   -0.39760115   -0.41102399   -0.42444682   -0.43786966   -0.45129249   -0.46471533   -0.48108085   -0.49744638   -0.51381191   -0.53017744   -0.54654297   -0.56290850

   -0.10705617   -0.12347036   -0.13988456   -0.15629875   -0.17271294   -0.18912714   -0.20554133   -0.21900193   -0.23246253   -0.24592313   -0.25938373   -0.27284434   -0.28630494   -0.29976554   -0.31322614   -0.32668674   -0.34014734   -0.35360794   -0.36706854   -0.38052915   -0.39398975   -0.40745035   -0.42091095   -0.43437155   -0.44783215   -0.46129275   -0.47769763   -0.49410252   -0.51050740   -0.52691228   -0.54331716   -0.55972204

   -0.10340335   -0.11988808   -0.13637280   -0.15285753   -0.16934226   -0.18582699   -0.20231172   -0.21583017   -0.22934861   -0.24286706   -0.25638550   -0.26990395   -0.28342239   -0.29694084   -0.31045928   -0.32397773   -0.33749617   -0.35101462   -0.36453307   -0.37805151   -0.39156996   -0.40508840   -0.41860685   -0.43212529   -0.44564374   -0.45916218   -0.47563960   -0.49211703   -0.50859445   -0.52507187   -0.54154929   -0.55802671

   -0.10194356   -0.11846356   -0.13498356   -0.15150356   -0.16802356   -0.18454356   -0.20106356   -0.21461092   -0.22815829   -0.24170566   -0.25525303   -0.26880040   -0.28234777   -0.29589514   -0.30944251   -0.32298987   -0.33653724   -0.35008461   -0.36363198   -0.37717935   -0.39072672   -0.40427409   -0.41782146   -0.43136882   -0.44491619   -0.45846356   -0.47498356   -0.49150356   -0.50802356   -0.52454356   -0.54106356   -0.55758356

 ]
 plot(x,y)
