          32          63           7          26
     0.0000E+00     0.0000E+00     0.0000E+00     0.0000E+00     0.0000E+00     0.0000E+00     0.3020E-07     0.0000E+00     0.0000E+00     0.0000E+00     0.0000E+00     0.0000E+00     0.0000E+00     0.0000E+00     0.0000E+00     0.0000E+00     0.0000E+00     0.0000E+00     0.0000E+00     0.0000E+00     0.0000E+00     0.0000E+00     0.0000E+00     0.0000E+00     0.0000E+00     0.0000E+00     0.0000E+00     0.0000E+00     0.0000E+00     0.0000E+00     0.0000E+00     0.0000E+00

     0.4141E-01     0.3993E-01     0.3880E-01     0.3784E-01     0.3694E-01     0.3601E-01     0.3493E-01     0.3482E-01     0.3468E-01     0.3450E-01     0.3427E-01     0.3398E-01     0.3361E-01     0.3317E-01     0.3263E-01     0.3199E-01     0.3123E-01     0.3036E-01     0.2936E-01     0.2822E-01     0.2693E-01     0.2550E-01     0.2391E-01     0.2215E-01     0.2022E-01     0.1812E-01     0.1694E-01     0.1610E-01     0.1510E-01     0.1391E-01     0.1255E-01     0.1101E-01

     0.7962E-01     0.7673E-01     0.7458E-01     0.7286E-01     0.7145E-01     0.7028E-01     0.6842E-01     0.6789E-01     0.6726E-01     0.6653E-01     0.6568E-01     0.6470E-01     0.6359E-01     0.6235E-01     0.6098E-01     0.5949E-01     0.5787E-01     0.5613E-01     0.5429E-01     0.5235E-01     0.5033E-01     0.4823E-01     0.4606E-01     0.4385E-01     0.4160E-01     0.3933E-01     0.3738E-01     0.3569E-01     0.3386E-01     0.3190E-01     0.2982E-01     0.2765E-01

     0.1131E+00     0.1094E+00     0.1066E+00     0.1045E+00     0.1030E+00     0.1020E+00     0.9974E-01     0.9860E-01     0.9733E-01     0.9594E-01     0.9443E-01     0.9281E-01     0.9108E-01     0.8926E-01     0.8736E-01     0.8540E-01     0.8339E-01     0.8134E-01     0.7926E-01     0.7717E-01     0.7508E-01     0.7299E-01     0.7093E-01     0.6889E-01     0.6688E-01     0.6491E-01     0.6266E-01     0.6052E-01     0.5831E-01     0.5605E-01     0.5374E-01     0.5139E-01

     0.1421E+00     0.1380E+00     0.1350E+00     0.1330E+00     0.1317E+00     0.1311E+00     0.1289E+00     0.1271E+00     0.1254E+00     0.1235E+00     0.1216E+00     0.1196E+00     0.1176E+00     0.1156E+00     0.1136E+00     0.1116E+00     0.1096E+00     0.1077E+00     0.1058E+00     0.1040E+00     0.1022E+00     0.1005E+00     0.9887E-01     0.9730E-01     0.9581E-01     0.9439E-01     0.9219E-01     0.8998E-01     0.8777E-01     0.8556E-01     0.8337E-01     0.8119E-01

     0.1673E+00     0.1632E+00     0.1604E+00     0.1586E+00     0.1579E+00     0.1579E+00     0.1560E+00     0.1540E+00     0.1519E+00     0.1499E+00     0.1478E+00     0.1458E+00     0.1439E+00     0.1421E+00     0.1403E+00     0.1386E+00     0.1369E+00     0.1354E+00     0.1340E+00     0.1326E+00     0.1314E+00     0.1302E+00     0.1292E+00     0.1282E+00     0.1274E+00     0.1266E+00     0.1247E+00     0.1228E+00     0.1209E+00     0.1190E+00     0.1172E+00     0.1154E+00

     0.1896E+00     0.1857E+00     0.1833E+00     0.1821E+00     0.1820E+00     0.1829E+00     0.1815E+00     0.1794E+00     0.1773E+00     0.1754E+00     0.1735E+00     0.1718E+00     0.1702E+00     0.1687E+00     0.1673E+00     0.1661E+00     0.1650E+00     0.1640E+00     0.1632E+00     0.1624E+00     0.1618E+00     0.1613E+00     0.1610E+00     0.1607E+00     0.1606E+00     0.1606E+00     0.1593E+00     0.1578E+00     0.1564E+00     0.1550E+00     0.1538E+00     0.1527E+00

     0.2094E+00     0.2060E+00     0.2041E+00     0.2036E+00     0.2044E+00     0.2062E+00     0.2056E+00     0.2036E+00     0.2018E+00     0.2002E+00     0.1987E+00     0.1974E+00     0.1963E+00     0.1953E+00     0.1945E+00     0.1939E+00     0.1934E+00     0.1931E+00     0.1929E+00     0.1929E+00     0.1930E+00     0.1933E+00     0.1937E+00     0.1942E+00     0.1948E+00     0.1956E+00     0.1950E+00     0.1941E+00     0.1934E+00     0.1927E+00     0.1922E+00     0.1918E+00

     0.2274E+00     0.2245E+00     0.2233E+00     0.2236E+00     0.2254E+00     0.2282E+00     0.2284E+00     0.2268E+00     0.2254E+00     0.2242E+00     0.2233E+00     0.2226E+00     0.2220E+00     0.2217E+00     0.2216E+00     0.2217E+00     0.2219E+00     0.2223E+00     0.2229E+00     0.2236E+00     0.2245E+00     0.2255E+00     0.2267E+00     0.2280E+00     0.2295E+00     0.2311E+00     0.2312E+00     0.2312E+00     0.2312E+00     0.2314E+00     0.2317E+00     0.2322E+00

     0.2437E+00     0.2415E+00     0.2411E+00     0.2423E+00     0.2451E+00     0.2490E+00     0.2501E+00     0.2490E+00     0.2481E+00     0.2476E+00     0.2473E+00     0.2472E+00     0.2474E+00     0.2478E+00     0.2484E+00     0.2492E+00     0.2502E+00     0.2514E+00     0.2527E+00     0.2543E+00     0.2560E+00     0.2578E+00     0.2598E+00     0.2620E+00     0.2643E+00     0.2667E+00     0.2678E+00     0.2685E+00     0.2695E+00     0.2706E+00     0.2718E+00     0.2731E+00

     0.2587E+00     0.2572E+00     0.2576E+00     0.2599E+00     0.2637E+00     0.2688E+00     0.2708E+00     0.2703E+00     0.2701E+00     0.2702E+00     0.2706E+00     0.2713E+00     0.2722E+00     0.2733E+00     0.2747E+00     0.2763E+00     0.2781E+00     0.2801E+00     0.2823E+00     0.2847E+00     0.2872E+00     0.2899E+00     0.2927E+00     0.2957E+00     0.2989E+00     0.3022E+00     0.3042E+00     0.3059E+00     0.3078E+00     0.3098E+00     0.3120E+00     0.3143E+00

     0.2725E+00     0.2718E+00     0.2731E+00     0.2764E+00     0.2813E+00     0.2875E+00     0.2905E+00     0.2907E+00     0.2912E+00     0.2920E+00     0.2932E+00     0.2946E+00     0.2963E+00     0.2983E+00     0.3005E+00     0.3029E+00     0.3056E+00     0.3084E+00     0.3114E+00     0.3146E+00     0.3180E+00     0.3215E+00     0.3253E+00     0.3291E+00     0.3331E+00     0.3373E+00     0.3403E+00     0.3430E+00     0.3458E+00     0.3488E+00     0.3520E+00     0.3553E+00

     0.2852E+00     0.2853E+00     0.2875E+00     0.2919E+00     0.2979E+00     0.3052E+00     0.3093E+00     0.3102E+00     0.3115E+00     0.3131E+00     0.3151E+00     0.3173E+00     0.3198E+00     0.3226E+00     0.3257E+00     0.3289E+00     0.3324E+00     0.3361E+00     0.3399E+00     0.3440E+00     0.3482E+00     0.3526E+00     0.3572E+00     0.3619E+00     0.3668E+00     0.3718E+00     0.3758E+00     0.3795E+00     0.3834E+00     0.3874E+00     0.3916E+00     0.3959E+00

     0.2969E+00     0.2979E+00     0.3011E+00     0.3065E+00     0.3137E+00     0.3221E+00     0.3271E+00     0.3288E+00     0.3309E+00     0.3334E+00     0.3361E+00     0.3392E+00     0.3426E+00     0.3462E+00     0.3501E+00     0.3542E+00     0.3585E+00     0.3631E+00     0.3678E+00     0.3727E+00     0.3778E+00     0.3830E+00     0.3885E+00     0.3940E+00     0.3997E+00     0.4056E+00     0.4106E+00     0.4153E+00     0.4202E+00     0.4253E+00     0.4305E+00     0.4358E+00

     0.3077E+00     0.3096E+00     0.3138E+00     0.3203E+00     0.3286E+00     0.3380E+00     0.3441E+00     0.3466E+00     0.3495E+00     0.3528E+00     0.3564E+00     0.3603E+00     0.3645E+00     0.3690E+00     0.3737E+00     0.3787E+00     0.3839E+00     0.3892E+00     0.3948E+00     0.4006E+00     0.4065E+00     0.4126E+00     0.4189E+00     0.4253E+00     0.4318E+00     0.4385E+00     0.4446E+00     0.4503E+00     0.4562E+00     0.4623E+00     0.4685E+00     0.4749E+00

     0.3178E+00     0.3205E+00     0.3257E+00     0.3333E+00     0.3426E+00     0.3531E+00     0.3602E+00     0.3635E+00     0.3673E+00     0.3714E+00     0.3758E+00     0.3806E+00     0.3856E+00     0.3909E+00     0.3965E+00     0.4023E+00     0.4083E+00     0.4145E+00     0.4209E+00     0.4275E+00     0.4343E+00     0.4412E+00     0.4483E+00     0.4555E+00     0.4629E+00     0.4704E+00     0.4774E+00     0.4842E+00     0.4911E+00     0.4982E+00     0.5054E+00     0.5128E+00

     0.3270E+00     0.3306E+00     0.3369E+00     0.3455E+00     0.3558E+00     0.3673E+00     0.3754E+00     0.3796E+00     0.3841E+00     0.3891E+00     0.3944E+00     0.4000E+00     0.4058E+00     0.4120E+00     0.4184E+00     0.4250E+00     0.4318E+00     0.4388E+00     0.4460E+00     0.4534E+00     0.4610E+00     0.4687E+00     0.4766E+00     0.4846E+00     0.4928E+00     0.5010E+00     0.5091E+00     0.5168E+00     0.5247E+00     0.5328E+00     0.5411E+00     0.5494E+00

     0.3355E+00     0.3400E+00     0.3473E+00     0.3569E+00     0.3682E+00     0.3806E+00     0.3897E+00     0.3947E+00     0.4001E+00     0.4059E+00     0.4120E+00     0.4184E+00     0.4251E+00     0.4320E+00     0.4392E+00     0.4466E+00     0.4542E+00     0.4621E+00     0.4701E+00     0.4782E+00     0.4866E+00     0.4951E+00     0.5037E+00     0.5125E+00     0.5214E+00     0.5304E+00     0.5394E+00     0.5481E+00     0.5570E+00     0.5661E+00     0.5753E+00     0.5846E+00

     0.3433E+00     0.3487E+00     0.3570E+00     0.3676E+00     0.3798E+00     0.3931E+00     0.4031E+00     0.4089E+00     0.4151E+00     0.4217E+00     0.4286E+00     0.4358E+00     0.4433E+00     0.4510E+00     0.4590E+00     0.4672E+00     0.4756E+00     0.4841E+00     0.4929E+00     0.5018E+00     0.5109E+00     0.5201E+00     0.5295E+00     0.5390E+00     0.5486E+00     0.5583E+00     0.5683E+00     0.5779E+00     0.5877E+00     0.5977E+00     0.6078E+00     0.6181E+00

     0.3504E+00     0.3567E+00     0.3659E+00     0.3775E+00     0.3906E+00     0.4047E+00     0.4155E+00     0.4222E+00     0.4292E+00     0.4365E+00     0.4442E+00     0.4522E+00     0.4604E+00     0.4689E+00     0.4777E+00     0.4866E+00     0.4957E+00     0.5050E+00     0.5145E+00     0.5241E+00     0.5338E+00     0.5438E+00     0.5538E+00     0.5640E+00     0.5743E+00     0.5847E+00     0.5955E+00     0.6061E+00     0.6168E+00     0.6277E+00     0.6387E+00     0.6498E+00

     0.3569E+00     0.3640E+00     0.3742E+00     0.3866E+00     0.4005E+00     0.4154E+00     0.4271E+00     0.4345E+00     0.4423E+00     0.4504E+00     0.4588E+00     0.4675E+00     0.4765E+00     0.4857E+00     0.4951E+00     0.5048E+00     0.5146E+00     0.5245E+00     0.5347E+00     0.5450E+00     0.5554E+00     0.5659E+00     0.5766E+00     0.5874E+00     0.5983E+00     0.6094E+00     0.6211E+00     0.6325E+00     0.6440E+00     0.6557E+00     0.6676E+00     0.6796E+00

     0.3627E+00     0.3707E+00     0.3818E+00     0.3950E+00     0.4096E+00     0.4252E+00     0.4377E+00     0.4458E+00     0.4543E+00     0.4632E+00     0.4723E+00     0.4817E+00     0.4914E+00     0.5013E+00     0.5114E+00     0.5216E+00     0.5321E+00     0.5427E+00     0.5535E+00     0.5644E+00     0.5754E+00     0.5865E+00     0.5978E+00     0.6092E+00     0.6207E+00     0.6323E+00     0.6448E+00     0.6570E+00     0.6693E+00     0.6818E+00     0.6945E+00     0.7072E+00

     0.3680E+00     0.3768E+00     0.3887E+00     0.4027E+00     0.4180E+00     0.4341E+00     0.4473E+00     0.4561E+00     0.4654E+00     0.4749E+00     0.4847E+00     0.4948E+00     0.5051E+00     0.5156E+00     0.5263E+00     0.5372E+00     0.5482E+00     0.5594E+00     0.5708E+00     0.5822E+00     0.5938E+00     0.6055E+00     0.6173E+00     0.6292E+00     0.6412E+00     0.6533E+00     0.6665E+00     0.6795E+00     0.6926E+00     0.7058E+00     0.7192E+00     0.7326E+00

     0.3726E+00     0.3822E+00     0.3949E+00     0.4096E+00     0.4254E+00     0.4420E+00     0.4559E+00     0.4655E+00     0.4754E+00     0.4855E+00     0.4960E+00     0.5067E+00     0.5176E+00     0.5287E+00     0.5399E+00     0.5514E+00     0.5629E+00     0.5747E+00     0.5865E+00     0.5985E+00     0.6106E+00     0.6227E+00     0.6350E+00     0.6474E+00     0.6598E+00     0.6724E+00     0.6863E+00     0.6999E+00     0.7137E+00     0.7276E+00     0.7416E+00     0.7557E+00

     0.3767E+00     0.3870E+00     0.4005E+00     0.4157E+00     0.4321E+00     0.4491E+00     0.4636E+00     0.4738E+00     0.4843E+00     0.4950E+00     0.5061E+00     0.5173E+00     0.5287E+00     0.5404E+00     0.5521E+00     0.5641E+00     0.5761E+00     0.5883E+00     0.6006E+00     0.6131E+00     0.6256E+00     0.6382E+00     0.6509E+00     0.6636E+00     0.6765E+00     0.6894E+00     0.7039E+00     0.7181E+00     0.7325E+00     0.7470E+00     0.7616E+00     0.7763E+00

     0.3802E+00     0.3913E+00     0.4053E+00     0.4211E+00     0.4379E+00     0.4553E+00     0.4703E+00     0.4810E+00     0.4921E+00     0.5034E+00     0.5149E+00     0.5267E+00     0.5386E+00     0.5507E+00     0.5629E+00     0.5753E+00     0.5878E+00     0.6004E+00     0.6131E+00     0.6259E+00     0.6388E+00     0.6517E+00     0.6648E+00     0.6779E+00     0.6910E+00     0.7043E+00     0.7193E+00     0.7341E+00     0.7491E+00     0.7641E+00     0.7792E+00     0.7944E+00

     0.3831E+00     0.3949E+00     0.4095E+00     0.4258E+00     0.4429E+00     0.4605E+00     0.4759E+00     0.4872E+00     0.4988E+00     0.5106E+00     0.5226E+00     0.5348E+00     0.5471E+00     0.5596E+00     0.5722E+00     0.5850E+00     0.5978E+00     0.6108E+00     0.6238E+00     0.6369E+00     0.6501E+00     0.6634E+00     0.6767E+00     0.6901E+00     0.7035E+00     0.7170E+00     0.7325E+00     0.7478E+00     0.7632E+00     0.7786E+00     0.7942E+00     0.8098E+00

     0.3855E+00     0.3979E+00     0.4131E+00     0.4297E+00     0.4470E+00     0.4647E+00     0.4806E+00     0.4923E+00     0.5044E+00     0.5166E+00     0.5290E+00     0.5416E+00     0.5543E+00     0.5671E+00     0.5801E+00     0.5931E+00     0.6063E+00     0.6195E+00     0.6328E+00     0.6462E+00     0.6596E+00     0.6731E+00     0.6866E+00     0.7002E+00     0.7138E+00     0.7275E+00     0.7433E+00     0.7590E+00     0.7748E+00     0.7907E+00     0.8066E+00     0.8226E+00

     0.3874E+00     0.4003E+00     0.4159E+00     0.4328E+00     0.4503E+00     0.4681E+00     0.4842E+00     0.4964E+00     0.5088E+00     0.5214E+00     0.5341E+00     0.5470E+00     0.5600E+00     0.5731E+00     0.5864E+00     0.5997E+00     0.6130E+00     0.6265E+00     0.6400E+00     0.6535E+00     0.6671E+00     0.6808E+00     0.6944E+00     0.7082E+00     0.7219E+00     0.7357E+00     0.7518E+00     0.7678E+00     0.7839E+00     0.8001E+00     0.8163E+00     0.8325E+00

     0.3887E+00     0.4021E+00     0.4181E+00     0.4351E+00     0.4527E+00     0.4705E+00     0.4868E+00     0.4993E+00     0.5120E+00     0.5249E+00     0.5380E+00     0.5511E+00     0.5643E+00     0.5777E+00     0.5911E+00     0.6046E+00     0.6181E+00     0.6317E+00     0.6453E+00     0.6590E+00     0.6727E+00     0.6864E+00     0.7002E+00     0.7139E+00     0.7277E+00     0.7416E+00     0.7579E+00     0.7742E+00     0.7905E+00     0.8068E+00     0.8232E+00     0.8397E+00

     0.3895E+00     0.4033E+00     0.4195E+00     0.4367E+00     0.4542E+00     0.4719E+00     0.4884E+00     0.5012E+00     0.5142E+00     0.5273E+00     0.5405E+00     0.5538E+00     0.5672E+00     0.5807E+00     0.5943E+00     0.6078E+00     0.6215E+00     0.6351E+00     0.6488E+00     0.6625E+00     0.6763E+00     0.6900E+00     0.7038E+00     0.7175E+00     0.7313E+00     0.7451E+00     0.7616E+00     0.7780E+00     0.7944E+00     0.8109E+00     0.8274E+00     0.8440E+00

     0.3898E+00     0.4040E+00     0.4203E+00     0.4375E+00     0.4549E+00     0.4724E+00     0.4889E+00     0.5019E+00     0.5151E+00     0.5284E+00     0.5417E+00     0.5552E+00     0.5687E+00     0.5822E+00     0.5958E+00     0.6095E+00     0.6231E+00     0.6368E+00     0.6504E+00     0.6641E+00     0.6778E+00     0.6915E+00     0.7052E+00     0.7189E+00     0.7326E+00     0.7463E+00     0.7628E+00     0.7793E+00     0.7958E+00     0.8123E+00     0.8288E+00     0.8454E+00

     0.3895E+00     0.4040E+00     0.4204E+00     0.4375E+00     0.4547E+00     0.4719E+00     0.4884E+00     0.5016E+00     0.5148E+00     0.5282E+00     0.5417E+00     0.5552E+00     0.5687E+00     0.5823E+00     0.5958E+00     0.6094E+00     0.6230E+00     0.6366E+00     0.6502E+00     0.6638E+00     0.6774E+00     0.6910E+00     0.7045E+00     0.7181E+00     0.7316E+00     0.7451E+00     0.7616E+00     0.7780E+00     0.7945E+00     0.8110E+00     0.8275E+00     0.8440E+00

     0.3887E+00     0.4033E+00     0.4198E+00     0.4367E+00     0.4536E+00     0.4705E+00     0.4868E+00     0.5001E+00     0.5134E+00     0.5268E+00     0.5403E+00     0.5538E+00     0.5672E+00     0.5807E+00     0.5942E+00     0.6077E+00     0.6212E+00     0.6347E+00     0.6481E+00     0.6615E+00     0.6749E+00     0.6883E+00     0.7017E+00     0.7150E+00     0.7283E+00     0.7416E+00     0.7579E+00     0.7743E+00     0.7906E+00     0.8070E+00     0.8233E+00     0.8397E+00

     0.3874E+00     0.4021E+00     0.4185E+00     0.4351E+00     0.4517E+00     0.4681E+00     0.4842E+00     0.4975E+00     0.5108E+00     0.5242E+00     0.5376E+00     0.5510E+00     0.5643E+00     0.5777E+00     0.5910E+00     0.6044E+00     0.6176E+00     0.6309E+00     0.6441E+00     0.6573E+00     0.6705E+00     0.6836E+00     0.6967E+00     0.7097E+00     0.7227E+00     0.7357E+00     0.7518E+00     0.7680E+00     0.7842E+00     0.8003E+00     0.8164E+00     0.8325E+00

     0.3855E+00     0.4003E+00     0.4164E+00     0.4328E+00     0.4489E+00     0.4647E+00     0.4806E+00     0.4938E+00     0.5071E+00     0.5203E+00     0.5336E+00     0.5468E+00     0.5600E+00     0.5732E+00     0.5863E+00     0.5993E+00     0.6124E+00     0.6254E+00     0.6383E+00     0.6512E+00     0.6640E+00     0.6768E+00     0.6896E+00     0.7022E+00     0.7149E+00     0.7275E+00     0.7433E+00     0.7592E+00     0.7751E+00     0.7910E+00     0.8068E+00     0.8226E+00

     0.3831E+00     0.3978E+00     0.4137E+00     0.4296E+00     0.4452E+00     0.4605E+00     0.4759E+00     0.4891E+00     0.5022E+00     0.5152E+00     0.5283E+00     0.5413E+00     0.5542E+00     0.5671E+00     0.5799E+00     0.5927E+00     0.6054E+00     0.6180E+00     0.6306E+00     0.6432E+00     0.6556E+00     0.6680E+00     0.6804E+00     0.6926E+00     0.7048E+00     0.7170E+00     0.7325E+00     0.7480E+00     0.7636E+00     0.7790E+00     0.7945E+00     0.8098E+00

     0.3802E+00     0.3947E+00     0.4102E+00     0.4256E+00     0.4407E+00     0.4553E+00     0.4703E+00     0.4832E+00     0.4961E+00     0.5089E+00     0.5217E+00     0.5344E+00     0.5470E+00     0.5596E+00     0.5720E+00     0.5844E+00     0.5968E+00     0.6090E+00     0.6212E+00     0.6333E+00     0.6453E+00     0.6572E+00     0.6691E+00     0.6809E+00     0.6926E+00     0.7043E+00     0.7193E+00     0.7344E+00     0.7495E+00     0.7645E+00     0.7795E+00     0.7944E+00

     0.3767E+00     0.3909E+00     0.4060E+00     0.4209E+00     0.4352E+00     0.4491E+00     0.4636E+00     0.4763E+00     0.4889E+00     0.5014E+00     0.5138E+00     0.5262E+00     0.5384E+00     0.5506E+00     0.5626E+00     0.5746E+00     0.5864E+00     0.5982E+00     0.6099E+00     0.6215E+00     0.6330E+00     0.6445E+00     0.6558E+00     0.6671E+00     0.6783E+00     0.6894E+00     0.7039E+00     0.7185E+00     0.7331E+00     0.7476E+00     0.7620E+00     0.7763E+00

     0.3726E+00     0.3865E+00     0.4011E+00     0.4153E+00     0.4289E+00     0.4420E+00     0.4559E+00     0.4683E+00     0.4805E+00     0.4927E+00     0.5047E+00     0.5166E+00     0.5284E+00     0.5401E+00     0.5517E+00     0.5632E+00     0.5745E+00     0.5858E+00     0.5969E+00     0.6080E+00     0.6190E+00     0.6298E+00     0.6406E+00     0.6513E+00     0.6619E+00     0.6724E+00     0.6863E+00     0.7003E+00     0.7143E+00     0.7282E+00     0.7420E+00     0.7557E+00

     0.3680E+00     0.3814E+00     0.3954E+00     0.4089E+00     0.4218E+00     0.4341E+00     0.4473E+00     0.4592E+00     0.4711E+00     0.4828E+00     0.4944E+00     0.5058E+00     0.5171E+00     0.5283E+00     0.5393E+00     0.5502E+00     0.5610E+00     0.5717E+00     0.5823E+00     0.5927E+00     0.6031E+00     0.6133E+00     0.6235E+00     0.6335E+00     0.6434E+00     0.6533E+00     0.6665E+00     0.6799E+00     0.6933E+00     0.7065E+00     0.7196E+00     0.7326E+00

     0.3627E+00     0.3756E+00     0.3889E+00     0.4017E+00     0.4138E+00     0.4252E+00     0.4377E+00     0.4492E+00     0.4605E+00     0.4717E+00     0.4828E+00     0.4937E+00     0.5044E+00     0.5150E+00     0.5255E+00     0.5358E+00     0.5460E+00     0.5560E+00     0.5660E+00     0.5758E+00     0.5855E+00     0.5950E+00     0.6045E+00     0.6139E+00     0.6231E+00     0.6323E+00     0.6448E+00     0.6575E+00     0.6701E+00     0.6825E+00     0.6949E+00     0.7072E+00

     0.3569E+00     0.3692E+00     0.3817E+00     0.3937E+00     0.4049E+00     0.4154E+00     0.4271E+00     0.4381E+00     0.4489E+00     0.4596E+00     0.4700E+00     0.4803E+00     0.4905E+00     0.5004E+00     0.5103E+00     0.5199E+00     0.5295E+00     0.5388E+00     0.5481E+00     0.5572E+00     0.5662E+00     0.5751E+00     0.5838E+00     0.5924E+00     0.6010E+00     0.6094E+00     0.6211E+00     0.6330E+00     0.6448E+00     0.6565E+00     0.6681E+00     0.6796E+00

     0.3504E+00     0.3620E+00     0.3738E+00     0.3848E+00     0.3951E+00     0.4047E+00     0.4155E+00     0.4260E+00     0.4362E+00     0.4463E+00     0.4561E+00     0.4658E+00     0.4753E+00     0.4846E+00     0.4937E+00     0.5027E+00     0.5115E+00     0.5202E+00     0.5287E+00     0.5371E+00     0.5453E+00     0.5534E+00     0.5614E+00     0.5693E+00     0.5770E+00     0.5847E+00     0.5955E+00     0.6066E+00     0.6176E+00     0.6285E+00     0.6392E+00     0.6498E+00

     0.3433E+00     0.3541E+00     0.3650E+00     0.3752E+00     0.3845E+00     0.3931E+00     0.4031E+00     0.4129E+00     0.4225E+00     0.4319E+00     0.4411E+00     0.4501E+00     0.4588E+00     0.4674E+00     0.4758E+00     0.4841E+00     0.4922E+00     0.5001E+00     0.5078E+00     0.5155E+00     0.5229E+00     0.5303E+00     0.5375E+00     0.5445E+00     0.5515E+00     0.5583E+00     0.5683E+00     0.5785E+00     0.5886E+00     0.5986E+00     0.6084E+00     0.6181E+00

     0.3355E+00     0.3454E+00     0.3554E+00     0.3646E+00     0.3730E+00     0.3806E+00     0.3897E+00     0.3989E+00     0.4078E+00     0.4165E+00     0.4250E+00     0.4332E+00     0.4412E+00     0.4491E+00     0.4567E+00     0.4642E+00     0.4715E+00     0.4786E+00     0.4856E+00     0.4924E+00     0.4991E+00     0.5056E+00     0.5120E+00     0.5183E+00     0.5244E+00     0.5304E+00     0.5394E+00     0.5488E+00     0.5579E+00     0.5670E+00     0.5758E+00     0.5846E+00

     0.3270E+00     0.3360E+00     0.3450E+00     0.3533E+00     0.3607E+00     0.3673E+00     0.3754E+00     0.3839E+00     0.3921E+00     0.4000E+00     0.4077E+00     0.4152E+00     0.4225E+00     0.4296E+00     0.4364E+00     0.4431E+00     0.4496E+00     0.4559E+00     0.4621E+00     0.4681E+00     0.4739E+00     0.4796E+00     0.4852E+00     0.4906E+00     0.4959E+00     0.5010E+00     0.5091E+00     0.5175E+00     0.5257E+00     0.5337E+00     0.5417E+00     0.5494E+00

     0.3178E+00     0.3258E+00     0.3338E+00     0.3410E+00     0.3474E+00     0.3531E+00     0.3602E+00     0.3679E+00     0.3754E+00     0.3826E+00     0.3895E+00     0.3962E+00     0.4027E+00     0.4089E+00     0.4150E+00     0.4208E+00     0.4265E+00     0.4320E+00     0.4373E+00     0.4425E+00     0.4475E+00     0.4523E+00     0.4570E+00     0.4616E+00     0.4661E+00     0.4704E+00     0.4774E+00     0.4848E+00     0.4920E+00     0.4991E+00     0.5060E+00     0.5128E+00

     0.3077E+00     0.3147E+00     0.3217E+00     0.3279E+00     0.3333E+00     0.3380E+00     0.3441E+00     0.3511E+00     0.3577E+00     0.3641E+00     0.3702E+00     0.3761E+00     0.3818E+00     0.3872E+00     0.3924E+00     0.3974E+00     0.4023E+00     0.4069E+00     0.4114E+00     0.4157E+00     0.4199E+00     0.4239E+00     0.4277E+00     0.4315E+00     0.4350E+00     0.4385E+00     0.4446E+00     0.4509E+00     0.4572E+00     0.4632E+00     0.4691E+00     0.4749E+00

     0.2969E+00     0.3028E+00     0.3087E+00     0.3139E+00     0.3183E+00     0.3221E+00     0.3271E+00     0.3333E+00     0.3391E+00     0.3447E+00     0.3500E+00     0.3551E+00     0.3599E+00     0.3645E+00     0.3688E+00     0.3730E+00     0.3770E+00     0.3808E+00     0.3844E+00     0.3879E+00     0.3912E+00     0.3944E+00     0.3974E+00     0.4002E+00     0.4030E+00     0.4056E+00     0.4106E+00     0.4160E+00     0.4212E+00     0.4262E+00     0.4311E+00     0.4358E+00

     0.2852E+00     0.2899E+00     0.2947E+00     0.2989E+00     0.3024E+00     0.3052E+00     0.3093E+00     0.3146E+00     0.3196E+00     0.3243E+00     0.3288E+00     0.3330E+00     0.3370E+00     0.3407E+00     0.3442E+00     0.3476E+00     0.3507E+00     0.3537E+00     0.3565E+00     0.3591E+00     0.3616E+00     0.3639E+00     0.3661E+00     0.3681E+00     0.3700E+00     0.3718E+00     0.3758E+00     0.3802E+00     0.3843E+00     0.3883E+00     0.3922E+00     0.3959E+00

     0.2725E+00     0.2761E+00     0.2798E+00     0.2829E+00     0.2855E+00     0.2875E+00     0.2905E+00     0.2950E+00     0.2991E+00     0.3030E+00     0.3066E+00     0.3100E+00     0.3131E+00     0.3160E+00     0.3187E+00     0.3212E+00     0.3235E+00     0.3256E+00     0.3276E+00     0.3294E+00     0.3310E+00     0.3326E+00     0.3339E+00     0.3352E+00     0.3363E+00     0.3373E+00     0.3403E+00     0.3436E+00     0.3468E+00     0.3498E+00     0.3526E+00     0.3553E+00

     0.2587E+00     0.2611E+00     0.2637E+00     0.2659E+00     0.2676E+00     0.2688E+00     0.2708E+00     0.2744E+00     0.2777E+00     0.2808E+00     0.2835E+00     0.2861E+00     0.2883E+00     0.2904E+00     0.2923E+00     0.2940E+00     0.2954E+00     0.2968E+00     0.2979E+00     0.2989E+00     0.2998E+00     0.3005E+00     0.3011E+00     0.3016E+00     0.3019E+00     0.3022E+00     0.3042E+00     0.3065E+00     0.3087E+00     0.3107E+00     0.3126E+00     0.3143E+00

     0.2437E+00     0.2450E+00     0.2465E+00     0.2477E+00     0.2486E+00     0.2490E+00     0.2501E+00     0.2529E+00     0.2553E+00     0.2575E+00     0.2595E+00     0.2612E+00     0.2626E+00     0.2639E+00     0.2650E+00     0.2659E+00     0.2666E+00     0.2671E+00     0.2675E+00     0.2678E+00     0.2679E+00     0.2679E+00     0.2677E+00     0.2675E+00     0.2671E+00     0.2667E+00     0.2678E+00     0.2691E+00     0.2703E+00     0.2714E+00     0.2723E+00     0.2731E+00

     0.2274E+00     0.2275E+00     0.2280E+00     0.2283E+00     0.2284E+00     0.2282E+00     0.2284E+00     0.2303E+00     0.2320E+00     0.2333E+00     0.2344E+00     0.2353E+00     0.2360E+00     0.2365E+00     0.2368E+00     0.2370E+00     0.2369E+00     0.2368E+00     0.2364E+00     0.2360E+00     0.2354E+00     0.2348E+00     0.2340E+00     0.2331E+00     0.2321E+00     0.2311E+00     0.2312E+00     0.2317E+00     0.2320E+00     0.2322E+00     0.2323E+00     0.2322E+00

     0.2094E+00     0.2084E+00     0.2079E+00     0.2074E+00     0.2069E+00     0.2062E+00     0.2056E+00     0.2067E+00     0.2075E+00     0.2081E+00     0.2084E+00     0.2085E+00     0.2085E+00     0.2082E+00     0.2078E+00     0.2073E+00     0.2066E+00     0.2058E+00     0.2048E+00     0.2038E+00     0.2026E+00     0.2014E+00     0.2000E+00     0.1986E+00     0.1971E+00     0.1956E+00     0.1950E+00     0.1946E+00     0.1941E+00     0.1934E+00     0.1927E+00     0.1918E+00

     0.1896E+00     0.1876E+00     0.1861E+00     0.1850E+00     0.1839E+00     0.1829E+00     0.1815E+00     0.1818E+00     0.1818E+00     0.1816E+00     0.1813E+00     0.1807E+00     0.1799E+00     0.1791E+00     0.1780E+00     0.1769E+00     0.1756E+00     0.1742E+00     0.1728E+00     0.1712E+00     0.1696E+00     0.1679E+00     0.1662E+00     0.1644E+00     0.1625E+00     0.1606E+00     0.1593E+00     0.1582E+00     0.1569E+00     0.1556E+00     0.1542E+00     0.1527E+00

     0.1673E+00     0.1644E+00     0.1623E+00     0.1605E+00     0.1591E+00     0.1579E+00     0.1560E+00     0.1555E+00     0.1548E+00     0.1539E+00     0.1529E+00     0.1517E+00     0.1504E+00     0.1490E+00     0.1474E+00     0.1458E+00     0.1441E+00     0.1423E+00     0.1405E+00     0.1386E+00     0.1366E+00     0.1347E+00     0.1327E+00     0.1307E+00     0.1287E+00     0.1266E+00     0.1247E+00     0.1231E+00     0.1213E+00     0.1194E+00     0.1175E+00     0.1154E+00

     0.1421E+00     0.1385E+00     0.1359E+00     0.1338E+00     0.1323E+00     0.1311E+00     0.1289E+00     0.1277E+00     0.1263E+00     0.1248E+00     0.1232E+00     0.1215E+00     0.1198E+00     0.1179E+00     0.1160E+00     0.1141E+00     0.1121E+00     0.1101E+00     0.1081E+00     0.1061E+00     0.1041E+00     0.1021E+00     0.1002E+00     0.9821E-01     0.9629E-01     0.9439E-01     0.9219E-01     0.9010E-01     0.8795E-01     0.8575E-01     0.8349E-01     0.8119E-01

     0.1131E+00     0.1093E+00     0.1065E+00     0.1044E+00     0.1029E+00     0.1020E+00     0.9974E-01     0.9794E-01     0.9605E-01     0.9410E-01     0.9211E-01     0.9009E-01     0.8806E-01     0.8603E-01     0.8403E-01     0.8205E-01     0.8010E-01     0.7820E-01     0.7634E-01     0.7454E-01     0.7279E-01     0.7109E-01     0.6946E-01     0.6788E-01     0.6637E-01     0.6491E-01     0.6266E-01     0.6044E-01     0.5819E-01     0.5593E-01     0.5366E-01     0.5139E-01

     0.7962E-01     0.7616E-01     0.7367E-01     0.7197E-01     0.7088E-01     0.7028E-01     0.6842E-01     0.6617E-01     0.6395E-01     0.6179E-01     0.5970E-01     0.5770E-01     0.5580E-01     0.5399E-01     0.5228E-01     0.5067E-01     0.4915E-01     0.4773E-01     0.4639E-01     0.4514E-01     0.4398E-01     0.4290E-01     0.4189E-01     0.4097E-01     0.4011E-01     0.3933E-01     0.3738E-01     0.3535E-01     0.3335E-01     0.3140E-01     0.2949E-01     0.2765E-01

     0.4141E-01     0.3918E-01     0.3764E-01     0.3669E-01     0.3619E-01     0.3601E-01     0.3493E-01     0.3259E-01     0.3062E-01     0.2892E-01     0.2744E-01     0.2614E-01     0.2499E-01     0.2397E-01     0.2307E-01     0.2227E-01     0.2155E-01     0.2093E-01     0.2037E-01     0.1989E-01     0.1946E-01     0.1910E-01     0.1879E-01     0.1852E-01     0.1830E-01     0.1812E-01     0.1694E-01     0.1550E-01     0.1420E-01     0.1302E-01     0.1196E-01     0.1101E-01

     0.0000E+00     0.0000E+00     0.0000E+00     0.0000E+00     0.0000E+00     0.0000E+00     0.3020E-07     0.0000E+00     0.0000E+00     0.0000E+00     0.0000E+00     0.0000E+00     0.0000E+00     0.0000E+00     0.0000E+00     0.0000E+00     0.0000E+00     0.0000E+00     0.0000E+00     0.0000E+00     0.0000E+00     0.0000E+00     0.0000E+00     0.0000E+00     0.0000E+00     0.0000E+00     0.0000E+00     0.0000E+00     0.0000E+00     0.0000E+00     0.0000E+00     0.0000E+00

        
     0.1019E+00     0.1185E+00     0.1350E+00     0.1515E+00     0.1680E+00     0.1845E+00     0.2011E+00     0.2146E+00     0.2282E+00     0.2417E+00     0.2553E+00     0.2688E+00     0.2823E+00     0.2959E+00     0.3094E+00     0.3230E+00     0.3365E+00     0.3501E+00     0.3636E+00     0.3772E+00     0.3907E+00     0.4043E+00     0.4178E+00     0.4314E+00     0.4449E+00     0.4585E+00     0.4750E+00     0.4915E+00     0.5080E+00     0.5245E+00     0.5411E+00     0.5576E+00

     0.1034E+00     0.1203E+00     0.1370E+00     0.1535E+00     0.1698E+00     0.1858E+00     0.2023E+00     0.2161E+00     0.2298E+00     0.2435E+00     0.2571E+00     0.2708E+00     0.2844E+00     0.2979E+00     0.3115E+00     0.3250E+00     0.3385E+00     0.3520E+00     0.3655E+00     0.3790E+00     0.3924E+00     0.4058E+00     0.4192E+00     0.4325E+00     0.4459E+00     0.4592E+00     0.4756E+00     0.4922E+00     0.5086E+00     0.5251E+00     0.5416E+00     0.5580E+00

     0.1071E+00     0.1237E+00     0.1403E+00     0.1566E+00     0.1729E+00     0.1891E+00     0.2055E+00     0.2193E+00     0.2330E+00     0.2466E+00     0.2602E+00     0.2738E+00     0.2873E+00     0.3008E+00     0.3143E+00     0.3277E+00     0.3412E+00     0.3545E+00     0.3679E+00     0.3813E+00     0.3946E+00     0.4080E+00     0.4213E+00     0.4346E+00     0.4480E+00     0.4613E+00     0.4777E+00     0.4941E+00     0.5106E+00     0.5270E+00     0.5434E+00     0.5597E+00

     0.1115E+00     0.1278E+00     0.1441E+00     0.1604E+00     0.1768E+00     0.1933E+00     0.2097E+00     0.2233E+00     0.2369E+00     0.2504E+00     0.2639E+00     0.2773E+00     0.2907E+00     0.3041E+00     0.3175E+00     0.3309E+00     0.3443E+00     0.3576E+00     0.3710E+00     0.3844E+00     0.3977E+00     0.4111E+00     0.4245E+00     0.4379E+00     0.4513E+00     0.4647E+00     0.4811E+00     0.4975E+00     0.5138E+00     0.5302E+00     0.5466E+00     0.5629E+00

     0.1156E+00     0.1315E+00     0.1477E+00     0.1641E+00     0.1806E+00     0.1974E+00     0.2138E+00     0.2272E+00     0.2406E+00     0.2540E+00     0.2674E+00     0.2808E+00     0.2942E+00     0.3075E+00     0.3209E+00     0.3343E+00     0.3477E+00     0.3611E+00     0.3745E+00     0.3879E+00     0.4014E+00     0.4148E+00     0.4283E+00     0.4418E+00     0.4553E+00     0.4689E+00     0.4852E+00     0.5016E+00     0.5180E+00     0.5344E+00     0.5507E+00     0.5671E+00

     0.1188E+00     0.1346E+00     0.1507E+00     0.1671E+00     0.1839E+00     0.2009E+00     0.2173E+00     0.2306E+00     0.2439E+00     0.2572E+00     0.2706E+00     0.2839E+00     0.2973E+00     0.3107E+00     0.3241E+00     0.3375E+00     0.3510E+00     0.3644E+00     0.3779E+00     0.3915E+00     0.4050E+00     0.4186E+00     0.4321E+00     0.4457E+00     0.4594E+00     0.4730E+00     0.4894E+00     0.5058E+00     0.5222E+00     0.5386E+00     0.5551E+00     0.5715E+00

     0.1211E+00     0.1367E+00     0.1528E+00     0.1693E+00     0.1862E+00     0.2034E+00     0.2199E+00     0.2331E+00     0.2463E+00     0.2596E+00     0.2730E+00     0.2864E+00     0.2998E+00     0.3132E+00     0.3267E+00     0.3402E+00     0.3537E+00     0.3672E+00     0.3808E+00     0.3944E+00     0.4080E+00     0.4217E+00     0.4353E+00     0.4490E+00     0.4627E+00     0.4764E+00     0.4929E+00     0.5093E+00     0.5258E+00     0.5422E+00     0.5587E+00     0.5752E+00

     0.1223E+00     0.1378E+00     0.1540E+00     0.1706E+00     0.1876E+00     0.2048E+00     0.2213E+00     0.2345E+00     0.2478E+00     0.2611E+00     0.2745E+00     0.2879E+00     0.3014E+00     0.3149E+00     0.3284E+00     0.3420E+00     0.3555E+00     0.3691E+00     0.3828E+00     0.3964E+00     0.4101E+00     0.4237E+00     0.4374E+00     0.4511E+00     0.4648E+00     0.4785E+00     0.4950E+00     0.5115E+00     0.5280E+00     0.5445E+00     0.5610E+00     0.5776E+00

     0.1226E+00     0.1380E+00     0.1542E+00     0.1709E+00     0.1880E+00     0.2052E+00     0.2217E+00     0.2349E+00     0.2482E+00     0.2616E+00     0.2750E+00     0.2884E+00     0.3019E+00     0.3155E+00     0.3290E+00     0.3426E+00     0.3562E+00     0.3698E+00     0.3835E+00     0.3971E+00     0.4107E+00     0.4244E+00     0.4381E+00     0.4517E+00     0.4654E+00     0.4791E+00     0.4956E+00     0.5121E+00     0.5286E+00     0.5451E+00     0.5616E+00     0.5782E+00

     0.1220E+00     0.1374E+00     0.1536E+00     0.1704E+00     0.1873E+00     0.2044E+00     0.2209E+00     0.2341E+00     0.2475E+00     0.2609E+00     0.2743E+00     0.2878E+00     0.3013E+00     0.3148E+00     0.3284E+00     0.3419E+00     0.3555E+00     0.3691E+00     0.3827E+00     0.3963E+00     0.4099E+00     0.4235E+00     0.4370E+00     0.4506E+00     0.4642E+00     0.4777E+00     0.4942E+00     0.5107E+00     0.5272E+00     0.5437E+00     0.5602E+00     0.5766E+00

     0.1206E+00     0.1360E+00     0.1522E+00     0.1689E+00     0.1857E+00     0.2025E+00     0.2189E+00     0.2322E+00     0.2456E+00     0.2590E+00     0.2724E+00     0.2859E+00     0.2994E+00     0.3129E+00     0.3264E+00     0.3399E+00     0.3534E+00     0.3669E+00     0.3804E+00     0.3938E+00     0.4073E+00     0.4208E+00     0.4342E+00     0.4476E+00     0.4610E+00     0.4744E+00     0.4908E+00     0.5072E+00     0.5236E+00     0.5400E+00     0.5564E+00     0.5728E+00

     0.1184E+00     0.1338E+00     0.1500E+00     0.1666E+00     0.1832E+00     0.1997E+00     0.2159E+00     0.2292E+00     0.2425E+00     0.2559E+00     0.2693E+00     0.2827E+00     0.2961E+00     0.3095E+00     0.3229E+00     0.3363E+00     0.3497E+00     0.3630E+00     0.3764E+00     0.3897E+00     0.4030E+00     0.4162E+00     0.4295E+00     0.4427E+00     0.4559E+00     0.4690E+00     0.4853E+00     0.5015E+00     0.5178E+00     0.5340E+00     0.5503E+00     0.5665E+00

     0.1157E+00     0.1310E+00     0.1471E+00     0.1634E+00     0.1797E+00     0.1958E+00     0.2118E+00     0.2251E+00     0.2384E+00     0.2517E+00     0.2650E+00     0.2783E+00     0.2915E+00     0.3048E+00     0.3180E+00     0.3313E+00     0.3444E+00     0.3576E+00     0.3707E+00     0.3838E+00     0.3968E+00     0.4098E+00     0.4228E+00     0.4358E+00     0.4487E+00     0.4615E+00     0.4775E+00     0.4936E+00     0.5097E+00     0.5257E+00     0.5417E+00     0.5577E+00

     0.1123E+00     0.1276E+00     0.1435E+00     0.1595E+00     0.1754E+00     0.1910E+00     0.2067E+00     0.2199E+00     0.2331E+00     0.2463E+00     0.2594E+00     0.2725E+00     0.2856E+00     0.2987E+00     0.3117E+00     0.3247E+00     0.3376E+00     0.3505E+00     0.3634E+00     0.3761E+00     0.3889E+00     0.4016E+00     0.4142E+00     0.4268E+00     0.4394E+00     0.4519E+00     0.4676E+00     0.4834E+00     0.4992E+00     0.5149E+00     0.5306E+00     0.5463E+00

     0.1085E+00     0.1236E+00     0.1393E+00     0.1549E+00     0.1703E+00     0.1853E+00     0.2007E+00     0.2137E+00     0.2267E+00     0.2397E+00     0.2527E+00     0.2656E+00     0.2784E+00     0.2912E+00     0.3040E+00     0.3167E+00     0.3293E+00     0.3418E+00     0.3543E+00     0.3668E+00     0.3792E+00     0.3915E+00     0.4037E+00     0.4159E+00     0.4281E+00     0.4401E+00     0.4555E+00     0.4710E+00     0.4864E+00     0.5018E+00     0.5171E+00     0.5323E+00

     0.1041E+00     0.1190E+00     0.1344E+00     0.1497E+00     0.1645E+00     0.1788E+00     0.1937E+00     0.2066E+00     0.2194E+00     0.2321E+00     0.2448E+00     0.2574E+00     0.2700E+00     0.2825E+00     0.2948E+00     0.3072E+00     0.3194E+00     0.3316E+00     0.3437E+00     0.3557E+00     0.3677E+00     0.3795E+00     0.3913E+00     0.4031E+00     0.4147E+00     0.4263E+00     0.4413E+00     0.4563E+00     0.4713E+00     0.4862E+00     0.5011E+00     0.5159E+00

     0.9935E-01     0.1140E+00     0.1291E+00     0.1438E+00     0.1579E+00     0.1714E+00     0.1859E+00     0.1985E+00     0.2110E+00     0.2235E+00     0.2358E+00     0.2481E+00     0.2603E+00     0.2724E+00     0.2844E+00     0.2963E+00     0.3081E+00     0.3198E+00     0.3314E+00     0.3430E+00     0.3544E+00     0.3658E+00     0.3771E+00     0.3883E+00     0.3995E+00     0.4105E+00     0.4249E+00     0.4395E+00     0.4540E+00     0.4684E+00     0.4827E+00     0.4970E+00

     0.9421E-01     0.1086E+00     0.1232E+00     0.1373E+00     0.1507E+00     0.1634E+00     0.1772E+00     0.1895E+00     0.2017E+00     0.2138E+00     0.2258E+00     0.2377E+00     0.2494E+00     0.2611E+00     0.2726E+00     0.2840E+00     0.2953E+00     0.3065E+00     0.3177E+00     0.3287E+00     0.3396E+00     0.3504E+00     0.3611E+00     0.3717E+00     0.3823E+00     0.3927E+00     0.4066E+00     0.4206E+00     0.4345E+00     0.4483E+00     0.4621E+00     0.4757E+00

     0.8872E-01     0.1028E+00     0.1168E+00     0.1302E+00     0.1428E+00     0.1546E+00     0.1678E+00     0.1797E+00     0.1915E+00     0.2032E+00     0.2148E+00     0.2262E+00     0.2374E+00     0.2486E+00     0.2596E+00     0.2705E+00     0.2812E+00     0.2919E+00     0.3024E+00     0.3128E+00     0.3231E+00     0.3333E+00     0.3434E+00     0.3534E+00     0.3633E+00     0.3731E+00     0.3863E+00     0.3996E+00     0.4129E+00     0.4261E+00     0.4392E+00     0.4521E+00

     0.8294E-01     0.9656E-01     0.1100E+00     0.1227E+00     0.1343E+00     0.1452E+00     0.1577E+00     0.1692E+00     0.1805E+00     0.1917E+00     0.2028E+00     0.2136E+00     0.2244E+00     0.2349E+00     0.2454E+00     0.2557E+00     0.2658E+00     0.2758E+00     0.2857E+00     0.2955E+00     0.3052E+00     0.3147E+00     0.3241E+00     0.3334E+00     0.3426E+00     0.3517E+00     0.3641E+00     0.3768E+00     0.3894E+00     0.4018E+00     0.4141E+00     0.4264E+00

     0.7688E-01     0.9003E-01     0.1028E+00     0.1146E+00     0.1254E+00     0.1352E+00     0.1469E+00     0.1579E+00     0.1687E+00     0.1794E+00     0.1899E+00     0.2002E+00     0.2103E+00     0.2203E+00     0.2301E+00     0.2397E+00     0.2492E+00     0.2585E+00     0.2677E+00     0.2768E+00     0.2858E+00     0.2946E+00     0.3032E+00     0.3118E+00     0.3203E+00     0.3286E+00     0.3402E+00     0.3521E+00     0.3639E+00     0.3756E+00     0.3871E+00     0.3986E+00

     0.7058E-01     0.8321E-01     0.9528E-01     0.1062E+00     0.1159E+00     0.1246E+00     0.1355E+00     0.1460E+00     0.1562E+00     0.1663E+00     0.1762E+00     0.1858E+00     0.1953E+00     0.2046E+00     0.2137E+00     0.2227E+00     0.2314E+00     0.2401E+00     0.2485E+00     0.2568E+00     0.2650E+00     0.2731E+00     0.2810E+00     0.2887E+00     0.2964E+00     0.3039E+00     0.3147E+00     0.3258E+00     0.3367E+00     0.3476E+00     0.3582E+00     0.3688E+00

     0.6408E-01     0.7611E-01     0.8738E-01     0.9729E-01     0.1060E+00     0.1136E+00     0.1235E+00     0.1334E+00     0.1431E+00     0.1525E+00     0.1617E+00     0.1707E+00     0.1794E+00     0.1880E+00     0.1964E+00     0.2046E+00     0.2126E+00     0.2204E+00     0.2281E+00     0.2357E+00     0.2430E+00     0.2503E+00     0.2574E+00     0.2643E+00     0.2711E+00     0.2778E+00     0.2877E+00     0.2979E+00     0.3079E+00     0.3178E+00     0.3276E+00     0.3372E+00

     0.5739E-01     0.6877E-01     0.7917E-01     0.8806E-01     0.9563E-01     0.1021E+00     0.1111E+00     0.1203E+00     0.1293E+00     0.1380E+00     0.1465E+00     0.1548E+00     0.1628E+00     0.1706E+00     0.1782E+00     0.1856E+00     0.1928E+00     0.1998E+00     0.2067E+00     0.2134E+00     0.2199E+00     0.2263E+00     0.2325E+00     0.2386E+00     0.2446E+00     0.2504E+00     0.2593E+00     0.2686E+00     0.2777E+00     0.2866E+00     0.2954E+00     0.3040E+00

     0.5055E-01     0.6121E-01     0.7068E-01     0.7850E-01     0.8493E-01     0.9022E-01     0.9815E-01     0.1067E+00     0.1150E+00     0.1230E+00     0.1307E+00     0.1382E+00     0.1454E+00     0.1524E+00     0.1592E+00     0.1657E+00     0.1721E+00     0.1783E+00     0.1843E+00     0.1901E+00     0.1958E+00     0.2013E+00     0.2066E+00     0.2118E+00     0.2169E+00     0.2218E+00     0.2297E+00     0.2380E+00     0.2460E+00     0.2540E+00     0.2617E+00     0.2694E+00

     0.4357E-01     0.5345E-01     0.6194E-01     0.6866E-01     0.7391E-01     0.7798E-01     0.8486E-01     0.9268E-01     0.1002E+00     0.1074E+00     0.1143E+00     0.1210E+00     0.1273E+00     0.1335E+00     0.1394E+00     0.1451E+00     0.1506E+00     0.1559E+00     0.1610E+00     0.1660E+00     0.1707E+00     0.1753E+00     0.1797E+00     0.1840E+00     0.1881E+00     0.1921E+00     0.1990E+00     0.2062E+00     0.2132E+00     0.2201E+00     0.2268E+00     0.2334E+00

     0.3647E-01     0.4552E-01     0.5298E-01     0.5855E-01     0.6260E-01     0.6544E-01     0.7123E-01     0.7827E-01     0.8497E-01     0.9134E-01     0.9742E-01     0.1032E+00     0.1087E+00     0.1140E+00     0.1191E+00     0.1239E+00     0.1285E+00     0.1328E+00     0.1370E+00     0.1410E+00     0.1449E+00     0.1485E+00     0.1520E+00     0.1553E+00     0.1585E+00     0.1615E+00     0.1673E+00     0.1734E+00     0.1794E+00     0.1852E+00     0.1908E+00     0.1962E+00

     0.2929E-01     0.3745E-01     0.4383E-01     0.4823E-01     0.5106E-01     0.5265E-01     0.5732E-01     0.6354E-01     0.6939E-01     0.7491E-01     0.8012E-01     0.8503E-01     0.8966E-01     0.9403E-01     0.9815E-01     0.1020E+00     0.1057E+00     0.1091E+00     0.1124E+00     0.1155E+00     0.1183E+00     0.1210E+00     0.1235E+00     0.1259E+00     0.1281E+00     0.1301E+00     0.1348E+00     0.1398E+00     0.1447E+00     0.1493E+00     0.1538E+00     0.1582E+00

     0.2203E-01     0.2925E-01     0.3453E-01     0.3773E-01     0.3932E-01     0.3966E-01     0.4319E-01     0.4855E-01     0.5353E-01     0.5816E-01     0.6247E-01     0.6647E-01     0.7018E-01     0.7361E-01     0.7680E-01     0.7974E-01     0.8245E-01     0.8495E-01     0.8723E-01     0.8932E-01     0.9122E-01     0.9294E-01     0.9448E-01     0.9586E-01     0.9708E-01     0.9814E-01     0.1017E+00     0.1056E+00     0.1093E+00     0.1128E+00     0.1161E+00     0.1193E+00

     0.1472E-01     0.2095E-01     0.2508E-01     0.2708E-01     0.2744E-01     0.2652E-01     0.2889E-01     0.3336E-01     0.3744E-01     0.4116E-01     0.4454E-01     0.4760E-01     0.5037E-01     0.5286E-01     0.5509E-01     0.5707E-01     0.5882E-01     0.6035E-01     0.6166E-01     0.6277E-01     0.6369E-01     0.6443E-01     0.6499E-01     0.6539E-01     0.6562E-01     0.6569E-01     0.6805E-01     0.7078E-01     0.7333E-01     0.7568E-01     0.7786E-01     0.7986E-01

     0.7366E-02     0.1257E-01     0.1554E-01     0.1631E-01     0.1544E-01     0.1329E-01     0.1447E-01     0.1803E-01     0.2119E-01     0.2398E-01     0.2641E-01     0.2853E-01     0.3034E-01     0.3187E-01     0.3313E-01     0.3414E-01     0.3491E-01     0.3546E-01     0.3580E-01     0.3593E-01     0.3586E-01     0.3562E-01     0.3519E-01     0.3460E-01     0.3384E-01     0.3292E-01     0.3411E-01     0.3567E-01     0.3704E-01     0.3821E-01     0.3921E-01     0.4003E-01

     0.0000E+00     0.4140E-02     0.5926E-02     0.5477E-02     0.3372E-02     0.0000E+00     0.0000E+00     0.2630E-02     0.4848E-02     0.6684E-02     0.8166E-02     0.9318E-02     0.1016E-01     0.1072E-01     0.1101E-01     0.1104E-01     0.1084E-01     0.1040E-01     0.9758E-02     0.8907E-02     0.7862E-02     0.6630E-02     0.5221E-02     0.3642E-02     0.1899E-02     0.0000E+00     0.0000E+00     0.3819E-03     0.5658E-03     0.5590E-03     0.3683E-03     0.0000E+00

    -0.7366E-02    -0.4326E-02    -0.3732E-02    -0.5397E-02    -0.8714E-02    -0.1329E-01    -0.1447E-01    -0.1279E-01    -0.1152E-01    -0.1064E-01    -0.1013E-01    -0.9943E-02    -0.1007E-01    -0.1049E-01    -0.1117E-01    -0.1212E-01    -0.1330E-01    -0.1471E-01    -0.1633E-01    -0.1816E-01    -0.2018E-01    -0.2239E-01    -0.2478E-01    -0.2733E-01    -0.3005E-01    -0.3292E-01    -0.3411E-01    -0.3491E-01    -0.3591E-01    -0.3710E-01    -0.3847E-01    -0.4003E-01

    -0.1472E-01    -0.1280E-01    -0.1340E-01    -0.1627E-01    -0.2078E-01    -0.2652E-01    -0.2889E-01    -0.2816E-01    -0.2785E-01    -0.2794E-01    -0.2839E-01    -0.2917E-01    -0.3027E-01    -0.3166E-01    -0.3332E-01    -0.3523E-01    -0.3738E-01    -0.3976E-01    -0.4236E-01    -0.4515E-01    -0.4814E-01    -0.5132E-01    -0.5466E-01    -0.5818E-01    -0.6186E-01    -0.6569E-01    -0.6805E-01    -0.7003E-01    -0.7221E-01    -0.7458E-01    -0.7713E-01    -0.7986E-01

    -0.2203E-01    -0.2126E-01    -0.2305E-01    -0.2711E-01    -0.3278E-01    -0.3966E-01    -0.4319E-01    -0.4342E-01    -0.4407E-01    -0.4512E-01    -0.4654E-01    -0.4829E-01    -0.5035E-01    -0.5270E-01    -0.5532E-01    -0.5820E-01    -0.6131E-01    -0.6465E-01    -0.6820E-01    -0.7194E-01    -0.7588E-01    -0.8000E-01    -0.8430E-01    -0.8876E-01    -0.9337E-01    -0.9814E-01    -0.1017E+00    -0.1048E+00    -0.1082E+00    -0.1117E+00    -0.1154E+00    -0.1193E+00

    -0.2929E-01    -0.2968E-01    -0.3265E-01    -0.3786E-01    -0.4467E-01    -0.5265E-01    -0.5732E-01    -0.5851E-01    -0.6012E-01    -0.6213E-01    -0.6450E-01    -0.6721E-01    -0.7022E-01    -0.7352E-01    -0.7709E-01    -0.8091E-01    -0.8497E-01    -0.8924E-01    -0.9373E-01    -0.9841E-01    -0.1033E+00    -0.1083E+00    -0.1135E+00    -0.1189E+00    -0.1244E+00    -0.1301E+00    -0.1348E+00    -0.1391E+00    -0.1436E+00    -0.1483E+00    -0.1531E+00    -0.1582E+00

    -0.3647E-01    -0.3803E-01    -0.4217E-01    -0.4851E-01    -0.5640E-01    -0.6544E-01    -0.7123E-01    -0.7337E-01    -0.7593E-01    -0.7889E-01    -0.8220E-01    -0.8585E-01    -0.8980E-01    -0.9403E-01    -0.9853E-01    -0.1033E+00    -0.1083E+00    -0.1134E+00    -0.1188E+00    -0.1244E+00    -0.1302E+00    -0.1361E+00    -0.1423E+00    -0.1485E+00    -0.1549E+00    -0.1615E+00    -0.1673E+00    -0.1727E+00    -0.1783E+00    -0.1841E+00    -0.1901E+00    -0.1962E+00

    -0.4357E-01    -0.4628E-01    -0.5156E-01    -0.5900E-01    -0.6794E-01    -0.7798E-01    -0.8486E-01    -0.8793E-01    -0.9143E-01    -0.9532E-01    -0.9956E-01    -0.1041E+00    -0.1090E+00    -0.1141E+00    -0.1195E+00    -0.1252E+00    -0.1311E+00    -0.1371E+00    -0.1434E+00    -0.1499E+00    -0.1565E+00    -0.1633E+00    -0.1703E+00    -0.1774E+00    -0.1847E+00    -0.1921E+00    -0.1990E+00    -0.2055E+00    -0.2122E+00    -0.2191E+00    -0.2262E+00    -0.2334E+00

    -0.5055E-01    -0.5442E-01    -0.6081E-01    -0.6929E-01    -0.7923E-01    -0.9022E-01    -0.9815E-01    -0.1021E+00    -0.1066E+00    -0.1114E+00    -0.1165E+00    -0.1220E+00    -0.1277E+00    -0.1337E+00    -0.1400E+00    -0.1465E+00    -0.1533E+00    -0.1602E+00    -0.1673E+00    -0.1746E+00    -0.1821E+00    -0.1897E+00    -0.1975E+00    -0.2055E+00    -0.2136E+00    -0.2218E+00    -0.2297E+00    -0.2373E+00    -0.2451E+00    -0.2530E+00    -0.2611E+00    -0.2694E+00

    -0.5739E-01    -0.6240E-01    -0.6986E-01    -0.7935E-01    -0.9023E-01    -0.1021E+00    -0.1111E+00    -0.1159E+00    -0.1213E+00    -0.1269E+00    -0.1330E+00    -0.1393E+00    -0.1459E+00    -0.1528E+00    -0.1599E+00    -0.1672E+00    -0.1748E+00    -0.1825E+00    -0.1905E+00    -0.1986E+00    -0.2069E+00    -0.2153E+00    -0.2239E+00    -0.2326E+00    -0.2414E+00    -0.2504E+00    -0.2593E+00    -0.2679E+00    -0.2767E+00    -0.2857E+00    -0.2948E+00    -0.3040E+00

    -0.6408E-01    -0.7020E-01    -0.7869E-01    -0.8913E-01    -0.1009E+00    -0.1136E+00    -0.1235E+00    -0.1293E+00    -0.1354E+00    -0.1420E+00    -0.1488E+00    -0.1560E+00    -0.1634E+00    -0.1711E+00    -0.1790E+00    -0.1872E+00    -0.1955E+00    -0.2041E+00    -0.2128E+00    -0.2216E+00    -0.2306E+00    -0.2398E+00    -0.2491E+00    -0.2586E+00    -0.2681E+00    -0.2778E+00    -0.2877E+00    -0.2973E+00    -0.3071E+00    -0.3170E+00    -0.3270E+00    -0.3372E+00

    -0.7058E-01    -0.7778E-01    -0.8726E-01    -0.9859E-01    -0.1112E+00    -0.1246E+00    -0.1355E+00    -0.1421E+00    -0.1491E+00    -0.1564E+00    -0.1641E+00    -0.1720E+00    -0.1803E+00    -0.1887E+00    -0.1974E+00    -0.2063E+00    -0.2154E+00    -0.2246E+00    -0.2341E+00    -0.2436E+00    -0.2534E+00    -0.2632E+00    -0.2732E+00    -0.2833E+00    -0.2936E+00    -0.3039E+00    -0.3147E+00    -0.3252E+00    -0.3359E+00    -0.3467E+00    -0.3577E+00    -0.3688E+00

    -0.7688E-01    -0.8512E-01    -0.9553E-01    -0.1077E+00    -0.1210E+00    -0.1352E+00    -0.1469E+00    -0.1543E+00    -0.1621E+00    -0.1702E+00    -0.1786E+00    -0.1873E+00    -0.1963E+00    -0.2055E+00    -0.2149E+00    -0.2245E+00    -0.2342E+00    -0.2442E+00    -0.2543E+00    -0.2645E+00    -0.2749E+00    -0.2854E+00    -0.2960E+00    -0.3068E+00    -0.3176E+00    -0.3286E+00    -0.3402E+00    -0.3516E+00    -0.3631E+00    -0.3748E+00    -0.3866E+00    -0.3986E+00

    -0.8294E-01    -0.9217E-01    -0.1035E+00    -0.1164E+00    -0.1304E+00    -0.1452E+00    -0.1577E+00    -0.1658E+00    -0.1744E+00    -0.1832E+00    -0.1924E+00    -0.2018E+00    -0.2114E+00    -0.2213E+00    -0.2314E+00    -0.2416E+00    -0.2520E+00    -0.2626E+00    -0.2733E+00    -0.2842E+00    -0.2951E+00    -0.3062E+00    -0.3174E+00    -0.3288E+00    -0.3402E+00    -0.3517E+00    -0.3641E+00    -0.3763E+00    -0.3886E+00    -0.4011E+00    -0.4137E+00    -0.4264E+00

    -0.8872E-01    -0.9889E-01    -0.1110E+00    -0.1246E+00    -0.1393E+00    -0.1546E+00    -0.1678E+00    -0.1767E+00    -0.1859E+00    -0.1955E+00    -0.2053E+00    -0.2154E+00    -0.2257E+00    -0.2361E+00    -0.2468E+00    -0.2577E+00    -0.2687E+00    -0.2798E+00    -0.2911E+00    -0.3025E+00    -0.3140E+00    -0.3256E+00    -0.3373E+00    -0.3492E+00    -0.3611E+00    -0.3731E+00    -0.3863E+00    -0.3992E+00    -0.4122E+00    -0.4254E+00    -0.4387E+00    -0.4521E+00

    -0.9421E-01    -0.1053E+00    -0.1181E+00    -0.1324E+00    -0.1475E+00    -0.1634E+00    -0.1772E+00    -0.1868E+00    -0.1967E+00    -0.2069E+00    -0.2173E+00    -0.2280E+00    -0.2388E+00    -0.2499E+00    -0.2611E+00    -0.2725E+00    -0.2840E+00    -0.2957E+00    -0.3075E+00    -0.3194E+00    -0.3314E+00    -0.3435E+00    -0.3557E+00    -0.3679E+00    -0.3803E+00    -0.3927E+00    -0.4066E+00    -0.4202E+00    -0.4339E+00    -0.4477E+00    -0.4617E+00    -0.4757E+00

    -0.9935E-01    -0.1112E+00    -0.1247E+00    -0.1395E+00    -0.1552E+00    -0.1714E+00    -0.1859E+00    -0.1961E+00    -0.2066E+00    -0.2173E+00    -0.2283E+00    -0.2395E+00    -0.2509E+00    -0.2625E+00    -0.2742E+00    -0.2861E+00    -0.2981E+00    -0.3102E+00    -0.3224E+00    -0.3348E+00    -0.3472E+00    -0.3597E+00    -0.3723E+00    -0.3850E+00    -0.3977E+00    -0.4105E+00    -0.4249E+00    -0.4391E+00    -0.4534E+00    -0.4679E+00    -0.4824E+00    -0.4970E+00

    -0.1041E+00    -0.1167E+00    -0.1308E+00    -0.1461E+00    -0.1622E+00    -0.1788E+00    -0.1937E+00    -0.2045E+00    -0.2155E+00    -0.2268E+00    -0.2383E+00    -0.2500E+00    -0.2619E+00    -0.2739E+00    -0.2861E+00    -0.2984E+00    -0.3108E+00    -0.3233E+00    -0.3359E+00    -0.3486E+00    -0.3614E+00    -0.3742E+00    -0.3872E+00    -0.4002E+00    -0.4132E+00    -0.4263E+00    -0.4413E+00    -0.4560E+00    -0.4708E+00    -0.4858E+00    -0.5008E+00    -0.5159E+00

    -0.1085E+00    -0.1217E+00    -0.1364E+00    -0.1521E+00    -0.1685E+00    -0.1853E+00    -0.2007E+00    -0.2120E+00    -0.2235E+00    -0.2353E+00    -0.2472E+00    -0.2593E+00    -0.2716E+00    -0.2840E+00    -0.2966E+00    -0.3092E+00    -0.3220E+00    -0.3348E+00    -0.3478E+00    -0.3608E+00    -0.3739E+00    -0.3870E+00    -0.4002E+00    -0.4135E+00    -0.4268E+00    -0.4401E+00    -0.4555E+00    -0.4707E+00    -0.4860E+00    -0.5014E+00    -0.5168E+00    -0.5323E+00

    -0.1123E+00    -0.1262E+00    -0.1413E+00    -0.1573E+00    -0.1740E+00    -0.1910E+00    -0.2067E+00    -0.2185E+00    -0.2304E+00    -0.2426E+00    -0.2550E+00    -0.2674E+00    -0.2801E+00    -0.2928E+00    -0.3057E+00    -0.3186E+00    -0.3317E+00    -0.3448E+00    -0.3580E+00    -0.3712E+00    -0.3846E+00    -0.3979E+00    -0.4114E+00    -0.4248E+00    -0.4383E+00    -0.4519E+00    -0.4676E+00    -0.4832E+00    -0.4989E+00    -0.5146E+00    -0.5304E+00    -0.5463E+00

    -0.1157E+00    -0.1300E+00    -0.1455E+00    -0.1618E+00    -0.1786E+00    -0.1958E+00    -0.2118E+00    -0.2240E+00    -0.2363E+00    -0.2488E+00    -0.2615E+00    -0.2743E+00    -0.2872E+00    -0.3002E+00    -0.3133E+00    -0.3265E+00    -0.3398E+00    -0.3531E+00    -0.3665E+00    -0.3800E+00    -0.3935E+00    -0.4070E+00    -0.4206E+00    -0.4342E+00    -0.4478E+00    -0.4615E+00    -0.4775E+00    -0.4934E+00    -0.5094E+00    -0.5254E+00    -0.5415E+00    -0.5577E+00

    -0.1184E+00    -0.1332E+00    -0.1490E+00    -0.1655E+00    -0.1824E+00    -0.1997E+00    -0.2159E+00    -0.2284E+00    -0.2410E+00    -0.2538E+00    -0.2668E+00    -0.2798E+00    -0.2930E+00    -0.3062E+00    -0.3195E+00    -0.3329E+00    -0.3463E+00    -0.3598E+00    -0.3733E+00    -0.3869E+00    -0.4005E+00    -0.4142E+00    -0.4278E+00    -0.4416E+00    -0.4553E+00    -0.4690E+00    -0.4853E+00    -0.5014E+00    -0.5176E+00    -0.5339E+00    -0.5502E+00    -0.5665E+00

    -0.1206E+00    -0.1356E+00    -0.1516E+00    -0.1683E+00    -0.1853E+00    -0.2025E+00    -0.2189E+00    -0.2317E+00    -0.2446E+00    -0.2576E+00    -0.2707E+00    -0.2840E+00    -0.2973E+00    -0.3107E+00    -0.3241E+00    -0.3376E+00    -0.3512E+00    -0.3648E+00    -0.3784E+00    -0.3920E+00    -0.4057E+00    -0.4194E+00    -0.4331E+00    -0.4469E+00    -0.4606E+00    -0.4744E+00    -0.4908E+00    -0.5071E+00    -0.5235E+00    -0.5399E+00    -0.5563E+00    -0.5728E+00

    -0.1220E+00    -0.1373E+00    -0.1534E+00    -0.1701E+00    -0.1872E+00    -0.2044E+00    -0.2209E+00    -0.2338E+00    -0.2469E+00    -0.2601E+00    -0.2734E+00    -0.2868E+00    -0.3002E+00    -0.3137E+00    -0.3272E+00    -0.3408E+00    -0.3544E+00    -0.3680E+00    -0.3817E+00    -0.3954E+00    -0.4091E+00    -0.4228E+00    -0.4365E+00    -0.4502E+00    -0.4640E+00    -0.4777E+00    -0.4942E+00    -0.5107E+00    -0.5271E+00    -0.5436E+00    -0.5601E+00    -0.5766E+00

    -0.1226E+00    -0.1381E+00    -0.1543E+00    -0.1710E+00    -0.1880E+00    -0.2052E+00    -0.2217E+00    -0.2348E+00    -0.2480E+00    -0.2613E+00    -0.2747E+00    -0.2881E+00    -0.3016E+00    -0.3152E+00    -0.3287E+00    -0.3423E+00    -0.3560E+00    -0.3696E+00    -0.3833E+00    -0.3969E+00    -0.4106E+00    -0.4243E+00    -0.4380E+00    -0.4517E+00    -0.4654E+00    -0.4791E+00    -0.4956E+00    -0.5121E+00    -0.5286E+00    -0.5451E+00    -0.5616E+00    -0.5782E+00

    -0.1223E+00    -0.1379E+00    -0.1542E+00    -0.1709E+00    -0.1878E+00    -0.2048E+00    -0.2213E+00    -0.2345E+00    -0.2479E+00    -0.2612E+00    -0.2747E+00    -0.2881E+00    -0.3017E+00    -0.3152E+00    -0.3288E+00    -0.3423E+00    -0.3559E+00    -0.3695E+00    -0.3832E+00    -0.3968E+00    -0.4104E+00    -0.4240E+00    -0.4377E+00    -0.4513E+00    -0.4649E+00    -0.4785E+00    -0.4950E+00    -0.5115E+00    -0.5280E+00    -0.5446E+00    -0.5611E+00    -0.5776E+00

    -0.1211E+00    -0.1368E+00    -0.1531E+00    -0.1697E+00    -0.1865E+00    -0.2034E+00    -0.2199E+00    -0.2331E+00    -0.2465E+00    -0.2599E+00    -0.2733E+00    -0.2868E+00    -0.3003E+00    -0.3138E+00    -0.3273E+00    -0.3409E+00    -0.3544E+00    -0.3680E+00    -0.3815E+00    -0.3951E+00    -0.4087E+00    -0.4222E+00    -0.4358E+00    -0.4493E+00    -0.4629E+00    -0.4764E+00    -0.4929E+00    -0.5093E+00    -0.5258E+00    -0.5423E+00    -0.5587E+00    -0.5752E+00

    -0.1188E+00    -0.1347E+00    -0.1509E+00    -0.1675E+00    -0.1841E+00    -0.2009E+00    -0.2173E+00    -0.2306E+00    -0.2440E+00    -0.2574E+00    -0.2708E+00    -0.2842E+00    -0.2977E+00    -0.3112E+00    -0.3247E+00    -0.3382E+00    -0.3517E+00    -0.3652E+00    -0.3787E+00    -0.3921E+00    -0.4056E+00    -0.4191E+00    -0.4326E+00    -0.4461E+00    -0.4595E+00    -0.4730E+00    -0.4894E+00    -0.5058E+00    -0.5223E+00    -0.5387E+00    -0.5551E+00    -0.5715E+00

    -0.1156E+00    -0.1316E+00    -0.1479E+00    -0.1643E+00    -0.1809E+00    -0.1974E+00    -0.2138E+00    -0.2271E+00    -0.2405E+00    -0.2539E+00    -0.2673E+00    -0.2808E+00    -0.2942E+00    -0.3076E+00    -0.3211E+00    -0.3346E+00    -0.3480E+00    -0.3614E+00    -0.3749E+00    -0.3883E+00    -0.4018E+00    -0.4152E+00    -0.4286E+00    -0.4420E+00    -0.4555E+00    -0.4689E+00    -0.4852E+00    -0.5016E+00    -0.5180E+00    -0.5344E+00    -0.5507E+00    -0.5671E+00

    -0.1115E+00    -0.1277E+00    -0.1441E+00    -0.1605E+00    -0.1770E+00    -0.1933E+00    -0.2097E+00    -0.2231E+00    -0.2365E+00    -0.2499E+00    -0.2633E+00    -0.2768E+00    -0.2902E+00    -0.3037E+00    -0.3171E+00    -0.3306E+00    -0.3440E+00    -0.3574E+00    -0.3709E+00    -0.3843E+00    -0.3977E+00    -0.4111E+00    -0.4245E+00    -0.4379E+00    -0.4513E+00    -0.4647E+00    -0.4811E+00    -0.4975E+00    -0.5138E+00    -0.5302E+00    -0.5465E+00    -0.5629E+00

    -0.1071E+00    -0.1237E+00    -0.1402E+00    -0.1566E+00    -0.1729E+00    -0.1891E+00    -0.2055E+00    -0.2191E+00    -0.2326E+00    -0.2461E+00    -0.2596E+00    -0.2731E+00    -0.2866E+00    -0.3001E+00    -0.3135E+00    -0.3270E+00    -0.3404E+00    -0.3539E+00    -0.3673E+00    -0.3808E+00    -0.3942E+00    -0.4076E+00    -0.4210E+00    -0.4345E+00    -0.4479E+00    -0.4613E+00    -0.4777E+00    -0.4941E+00    -0.5105E+00    -0.5269E+00    -0.5433E+00    -0.5597E+00

    -0.1034E+00    -0.1203E+00    -0.1369E+00    -0.1534E+00    -0.1697E+00    -0.1858E+00    -0.2023E+00    -0.2160E+00    -0.2297E+00    -0.2433E+00    -0.2568E+00    -0.2704E+00    -0.2839E+00    -0.2974E+00    -0.3109E+00    -0.3244E+00    -0.3379E+00    -0.3514E+00    -0.3648E+00    -0.3783E+00    -0.3918E+00    -0.4053E+00    -0.4187E+00    -0.4322E+00    -0.4457E+00    -0.4592E+00    -0.4756E+00    -0.4921E+00    -0.5086E+00    -0.5251E+00    -0.5415E+00    -0.5580E+00

    -0.1019E+00    -0.1185E+00    -0.1350E+00    -0.1515E+00    -0.1680E+00    -0.1845E+00    -0.2011E+00    -0.2146E+00    -0.2282E+00    -0.2417E+00    -0.2553E+00    -0.2688E+00    -0.2823E+00    -0.2959E+00    -0.3094E+00    -0.3230E+00    -0.3365E+00    -0.3501E+00    -0.3636E+00    -0.3772E+00    -0.3907E+00    -0.4043E+00    -0.4178E+00    -0.4314E+00    -0.4449E+00    -0.4585E+00    -0.4750E+00    -0.4915E+00    -0.5080E+00    -0.5245E+00    -0.5411E+00    -0.5576E+00

