 pontos iniciais xold  por linhas
        
 0.00000000E+00 0.51510000E+00 0.69990000E+00 0.82070000E+00 0.90350000E+00 0.95830000E+00 0.98970000E+00 0.10000000E+01 0.98970000E+00 0.95830000E+00 0.90350000E+00 0.82070000E+00 0.69990000E+00 0.51510000E+00 0.00000000E+00

 0.00000000E+00 0.53440000E+00 0.72610000E+00 0.85140000E+00 0.93740000E+00 0.99430000E+00 0.10269000E+01 0.10375000E+01 0.10269000E+01 0.99430000E+00 0.93740000E+00 0.85140000E+00 0.72610000E+00 0.53440000E+00 0.00000000E+00

 0.00000000E+00 0.55370000E+00 0.75230000E+00 0.88220000E+00 0.97130000E+00 0.10302000E+01 0.10640000E+01 0.10750000E+01 0.10640000E+01 0.10302000E+01 0.97130000E+00 0.88220000E+00 0.75230000E+00 0.55370000E+00 0.00000000E+00

 0.00000000E+00 0.57300000E+00 0.77860000E+00 0.91300000E+00 0.10052000E+01 0.10661000E+01 0.11011000E+01 0.11125000E+01 0.11011000E+01 0.10661000E+01 0.10052000E+01 0.91300000E+00 0.77860000E+00 0.57300000E+00 0.00000000E+00

 0.00000000E+00 0.59230000E+00 0.80480000E+00 0.94370000E+00 0.10390000E+01 0.11021000E+01 0.11382000E+01 0.11500000E+01 0.11382000E+01 0.11021000E+01 0.10390000E+01 0.94370000E+00 0.80480000E+00 0.59230000E+00 0.00000000E+00

 0.00000000E+00 0.61170000E+00 0.83110000E+00 0.97450000E+00 0.10729000E+01 0.11380000E+01 0.11753000E+01 0.11875000E+01 0.11753000E+01 0.11380000E+01 0.10729000E+01 0.97450000E+00 0.83110000E+00 0.61170000E+00 0.00000000E+00

 0.00000000E+00 0.63100000E+00 0.85730000E+00 0.10053000E+01 0.11068000E+01 0.11739000E+01 0.12124000E+01 0.12250000E+01 0.12124000E+01 0.11739000E+01 0.11068000E+01 0.10053000E+01 0.85730000E+00 0.63100000E+00 0.00000000E+00

 0.00000000E+00 0.65030000E+00 0.88360000E+00 0.10361000E+01 0.11407000E+01 0.12099000E+01 0.12496000E+01 0.12625000E+01 0.12496000E+01 0.12099000E+01 0.11407000E+01 0.10361000E+01 0.88360000E+00 0.65030000E+00 0.00000000E+00

 0.00000000E+00 0.66960000E+00 0.90980000E+00 0.10668000E+01 0.11746000E+01 0.12458000E+01 0.12867000E+01 0.13000000E+01 0.12867000E+01 0.12458000E+01 0.11746000E+01 0.10668000E+01 0.90980000E+00 0.66960000E+00 0.00000000E+00

 0.00000000E+00 0.68890000E+00 0.93610000E+00 0.10976000E+01 0.12084000E+01 0.12817000E+01 0.13238000E+01 0.13375000E+01 0.13238000E+01 0.12817000E+01 0.12084000E+01 0.10976000E+01 0.93610000E+00 0.68890000E+00 0.00000000E+00

 0.00000000E+00 0.70820000E+00 0.96230000E+00 0.11284000E+01 0.12423000E+01 0.13177000E+01 0.13609000E+01 0.13750000E+01 0.13609000E+01 0.13177000E+01 0.12423000E+01 0.11284000E+01 0.96230000E+00 0.70820000E+00 0.00000000E+00

 0.00000000E+00 0.72750000E+00 0.98850000E+00 0.11592000E+01 0.12762000E+01 0.13536000E+01 0.13980000E+01 0.14125000E+01 0.13980000E+01 0.13536000E+01 0.12762000E+01 0.11592000E+01 0.98850000E+00 0.72750000E+00 0.00000000E+00

 0.00000000E+00 0.74690000E+00 0.10148000E+01 0.11899000E+01 0.13101000E+01 0.13896000E+01 0.14351000E+01 0.14500000E+01 0.14351000E+01 0.13896000E+01 0.13101000E+01 0.11899000E+01 0.10148000E+01 0.74690000E+00 0.00000000E+00

 0.00000000E+00 0.76620000E+00 0.10410000E+01 0.12207000E+01 0.13440000E+01 0.14255000E+01 0.14722000E+01 0.14875000E+01 0.14722000E+01 0.14255000E+01 0.13440000E+01 0.12207000E+01 0.10410000E+01 0.76620000E+00 0.00000000E+00

 0.00000000E+00 0.78550000E+00 0.10673000E+01 0.12515000E+01 0.13778000E+01 0.14614000E+01 0.15094000E+01 0.15250000E+01 0.15094000E+01 0.14614000E+01 0.13778000E+01 0.12515000E+01 0.10673000E+01 0.78550000E+00 0.00000000E+00

 0.00000000E+00 0.80480000E+00 0.10935000E+01 0.12823000E+01 0.14117000E+01 0.14974000E+01 0.15465000E+01 0.15625000E+01 0.15465000E+01 0.14974000E+01 0.14117000E+01 0.12823000E+01 0.10935000E+01 0.80480000E+00 0.00000000E+00

 0.00000000E+00 0.82410000E+00 0.11198000E+01 0.13130000E+01 0.14456000E+01 0.15333000E+01 0.15836000E+01 0.16000000E+01 0.15836000E+01 0.15333000E+01 0.14456000E+01 0.13130000E+01 0.11198000E+01 0.82410000E+00 0.00000000E+00

 pontos iniciais yold  por linhas
        
-0.10000000E+01-0.85710000E+00-0.71430000E+00-0.57140000E+00-0.42860000E+00-0.28570000E+00-0.14290000E+00 0.00000000E+00 0.14290000E+00 0.28570000E+00 0.42860000E+00 0.57140000E+00 0.71430000E+00 0.85710000E+00 0.10000000E+01

-0.10375000E+01-0.88930000E+00-0.74110000E+00-0.59290000E+00-0.44460000E+00-0.29640000E+00-0.14820000E+00 0.00000000E+00 0.14820000E+00 0.29640000E+00 0.44460000E+00 0.59290000E+00 0.74110000E+00 0.88930000E+00 0.10375000E+01

-0.10750000E+01-0.92140000E+00-0.76790000E+00-0.61430000E+00-0.46070000E+00-0.30710000E+00-0.15360000E+00 0.00000000E+00 0.15360000E+00 0.30710000E+00 0.46070000E+00 0.61430000E+00 0.76790000E+00 0.92140000E+00 0.10750000E+01

-0.11125000E+01-0.95360000E+00-0.79460000E+00-0.63570000E+00-0.47680000E+00-0.31790000E+00-0.15890000E+00 0.00000000E+00 0.15890000E+00 0.31790000E+00 0.47680000E+00 0.63570000E+00 0.79460000E+00 0.95360000E+00 0.11125000E+01

-0.11500000E+01-0.98570000E+00-0.82140000E+00-0.65710000E+00-0.49290000E+00-0.32860000E+00-0.16430000E+00 0.00000000E+00 0.16430000E+00 0.32860000E+00 0.49290000E+00 0.65710000E+00 0.82140000E+00 0.98570000E+00 0.11500000E+01

-0.11875000E+01-0.10179000E+01-0.84820000E+00-0.67860000E+00-0.50890000E+00-0.33930000E+00-0.16960000E+00 0.00000000E+00 0.16960000E+00 0.33930000E+00 0.50890000E+00 0.67860000E+00 0.84820000E+00 0.10179000E+01 0.11875000E+01

-0.12250000E+01-0.10500000E+01-0.87500000E+00-0.70000000E+00-0.52500000E+00-0.35000000E+00-0.17500000E+00 0.00000000E+00 0.17500000E+00 0.35000000E+00 0.52500000E+00 0.70000000E+00 0.87500000E+00 0.10500000E+01 0.12250000E+01

-0.12625000E+01-0.10821000E+01-0.90180000E+00-0.72140000E+00-0.54110000E+00-0.36070000E+00-0.18040000E+00 0.00000000E+00 0.18040000E+00 0.36070000E+00 0.54110000E+00 0.72140000E+00 0.90180000E+00 0.10821000E+01 0.12625000E+01

-0.13000000E+01-0.11143000E+01-0.92860000E+00-0.74290000E+00-0.55710000E+00-0.37140000E+00-0.18570000E+00 0.00000000E+00 0.18570000E+00 0.37140000E+00 0.55710000E+00 0.74290000E+00 0.92860000E+00 0.11143000E+01 0.13000000E+01

-0.13375000E+01-0.11464000E+01-0.95540000E+00-0.76430000E+00-0.57320000E+00-0.38210000E+00-0.19110000E+00 0.00000000E+00 0.19110000E+00 0.38210000E+00 0.57320000E+00 0.76430000E+00 0.95540000E+00 0.11464000E+01 0.13375000E+01

-0.13750000E+01-0.11786000E+01-0.98210000E+00-0.78570000E+00-0.58930000E+00-0.39290000E+00-0.19640000E+00 0.00000000E+00 0.19640000E+00 0.39290000E+00 0.58930000E+00 0.78570000E+00 0.98210000E+00 0.11786000E+01 0.13750000E+01

-0.14125000E+01-0.12107000E+01-0.10089000E+01-0.80710000E+00-0.60540000E+00-0.40360000E+00-0.20180000E+00 0.00000000E+00 0.20180000E+00 0.40360000E+00 0.60540000E+00 0.80710000E+00 0.10089000E+01 0.12107000E+01 0.14125000E+01

-0.14500000E+01-0.12429000E+01-0.10357000E+01-0.82860000E+00-0.62140000E+00-0.41430000E+00-0.20710000E+00 0.00000000E+00 0.20710000E+00 0.41430000E+00 0.62140000E+00 0.82860000E+00 0.10357000E+01 0.12429000E+01 0.14500000E+01

-0.14875000E+01-0.12750000E+01-0.10625000E+01-0.85000000E+00-0.63750000E+00-0.42500000E+00-0.21250000E+00 0.00000000E+00 0.21250000E+00 0.42500000E+00 0.63750000E+00 0.85000000E+00 0.10625000E+01 0.12750000E+01 0.14875000E+01

-0.15250000E+01-0.13071000E+01-0.10893000E+01-0.87140000E+00-0.65360000E+00-0.43570000E+00-0.21790000E+00 0.00000000E+00 0.21790000E+00 0.43570000E+00 0.65360000E+00 0.87140000E+00 0.10893000E+01 0.13071000E+01 0.15250000E+01

-0.15625000E+01-0.13393000E+01-0.11161000E+01-0.89290000E+00-0.66960000E+00-0.44640000E+00-0.22320000E+00 0.00000000E+00 0.22320000E+00 0.44640000E+00 0.66960000E+00 0.89290000E+00 0.11161000E+01 0.13393000E+01 0.15625000E+01

-0.16000000E+01-0.13714000E+01-0.11429000E+01-0.91430000E+00-0.68570000E+00-0.45710000E+00-0.22860000E+00 0.00000000E+00 0.22860000E+00 0.45710000E+00 0.68570000E+00 0.91430000E+00 0.11429000E+01 0.13714000E+01 0.16000000E+01

 pontos x  por linhas
        
 0.00000000E+00 0.51510000E+00 0.69990000E+00 0.82070000E+00 0.90350000E+00 0.95830000E+00 0.98970000E+00 0.10000000E+01 0.98970000E+00 0.95830000E+00 0.90350000E+00 0.82070000E+00 0.69990000E+00 0.51510000E+00 0.00000000E+00

 0.00000000E+00 0.51685940E+00 0.71483996E+00 0.84208053E+00 0.92888880E+00 0.98620046E+00 0.10190124E+01 0.10297533E+01 0.10190124E+01 0.98620046E+00 0.92888880E+00 0.84208053E+00 0.71483996E+00 0.51685940E+00 0.00000000E+00

 0.00000000E+00 0.52028753E+00 0.73059372E+00 0.86433129E+00 0.95516034E+00 0.10149899E+01 0.10492138E+01 0.10603997E+01 0.10492138E+01 0.10149899E+01 0.95516034E+00 0.86433129E+00 0.73059372E+00 0.52028752E+00 0.00000000E+00

 0.00000000E+00 0.52537679E+00 0.74733508E+00 0.88753275E+00 0.98236589E+00 0.10447046E+01 0.10803340E+01 0.10919661E+01 0.10803340E+01 0.10447046E+01 0.98236589E+00 0.88753275E+00 0.74733508E+00 0.52537679E+00 0.00000000E+00

 0.00000000E+00 0.53217901E+00 0.76522255E+00 0.91176953E+00 0.10105587E+01 0.10753825E+01 0.11124042E+01 0.11244804E+01 0.11124042E+01 0.10753825E+01 0.10105587E+01 0.91176953E+00 0.76522255E+00 0.53217900E+00 0.00000000E+00

 0.00000000E+00 0.54077183E+00 0.78440603E+00 0.93712840E+00 0.10397935E+01 0.11070621E+01 0.11454558E+01 0.11579716E+01 0.11454558E+01 0.11070621E+01 0.10397935E+01 0.93712840E+00 0.78440603E+00 0.54077183E+00 0.00000000E+00

 0.00000000E+00 0.55126212E+00 0.80503111E+00 0.96369680E+00 0.10701260E+01 0.11397834E+01 0.11795213E+01 0.11924695E+01 0.11795214E+01 0.11397834E+01 0.10701260E+01 0.96369680E+00 0.80503111E+00 0.55126211E+00 0.00000000E+00

 0.00000000E+00 0.56379074E+00 0.82724191E+00 0.99156165E+00 0.11016121E+01 0.11735868E+01 0.12146341E+01 0.12280048E+01 0.12146341E+01 0.11735868E+01 0.11016121E+01 0.99156165E+00 0.82724191E+00 0.56379073E+00 0.00000000E+00

 0.00000000E+00 0.57853929E+00 0.85118261E+00 0.10208081E+01 0.11343075E+01 0.12085131E+01 0.12508279E+01 0.12646090E+01 0.12508279E+01 0.12085131E+01 0.11343075E+01 0.10208082E+01 0.85118261E+00 0.57853928E+00 0.00000000E+00

 0.00000000E+00 0.59573931E+00 0.87699763E+00 0.10515185E+01 0.11682669E+01 0.12446036E+01 0.12881374E+01 0.13023147E+01 0.12881374E+01 0.12446036E+01 0.11682669E+01 0.10515185E+01 0.87699763E+00 0.59573930E+00 0.00000000E+00

 0.00000000E+00 0.61568514E+00 0.90482978E+00 0.10837703E+01 0.12035439E+01 0.12818996E+01 0.13265979E+01 0.13411551E+01 0.13265979E+01 0.12818996E+01 0.12035439E+01 0.10837703E+01 0.90482978E+00 0.61568513E+00 0.00000000E+00

 0.00000000E+00 0.63875189E+00 0.93481600E+00 0.11176349E+01 0.12401899E+01 0.13204425E+01 0.13662456E+01 0.13811644E+01 0.13662456E+01 0.13204425E+01 0.12401899E+01 0.11176349E+01 0.93481600E+00 0.63875189E+00 0.00000000E+00

 0.00000000E+00 0.66542127E+00 0.96707911E+00 0.11531753E+01 0.12782542E+01 0.13602736E+01 0.14071170E+01 0.14223775E+01 0.14071170E+01 0.13602736E+01 0.12782542E+01 0.11531753E+01 0.96707911E+00 0.66542126E+00 0.00000000E+00

 0.00000000E+00 0.69631966E+00 0.10017138E+01 0.11904446E+01 0.13177837E+01 0.14014339E+01 0.14492496E+01 0.14648305E+01 0.14492496E+01 0.14014339E+01 0.13177837E+01 0.11904446E+01 0.10017138E+01 0.69631965E+00 0.00000000E+00

 0.00000000E+00 0.73227665E+00 0.10387636E+01 0.12294847E+01 0.13588231E+01 0.14439645E+01 0.14926816E+01 0.15085600E+01 0.14926816E+01 0.14439645E+01 0.13588231E+01 0.12294847E+01 0.10387636E+01 0.73227664E+00 0.00000000E+00

 0.00000000E+00 0.77441908E+00 0.10781851E+01 0.12703276E+01 0.14014148E+01 0.14879062E+01 0.15374517E+01 0.15536037E+01 0.15374517E+01 0.14879062E+01 0.14014148E+01 0.12703276E+01 0.10781851E+01 0.77441908E+00 0.00000000E+00

 0.00000000E+00 0.82410000E+00 0.11198000E+01 0.13130000E+01 0.14456000E+01 0.15333000E+01 0.15836000E+01 0.16000000E+01 0.15836000E+01 0.15333000E+01 0.14456000E+01 0.13130000E+01 0.11198000E+01 0.82410000E+00 0.00000000E+00

 pontos y  por linhas
        
-0.10000000E+01-0.85710000E+00-0.71430000E+00-0.57140000E+00-0.42860000E+00-0.28570000E+00-0.14290000E+00 0.00000000E+00 0.14290000E+00 0.28570000E+00 0.42860000E+00 0.57140000E+00 0.71430000E+00 0.85710000E+00 0.10000000E+01

-0.93383074E+00-0.88536027E+00-0.73994886E+00-0.59221356E+00-0.44424978E+00-0.29615290E+00-0.14811446E+00 0.57581484E-10 0.14811446E+00 0.29615291E+00 0.44424978E+00 0.59221356E+00 0.73994886E+00 0.88536027E+00 0.93383074E+00

-0.96285932E+00-0.91360376E+00-0.76583708E+00-0.61326207E+00-0.46008431E+00-0.30672598E+00-0.15339250E+00 0.11378251E-09 0.15339250E+00 0.30672598E+00 0.46008431E+00 0.61326208E+00 0.76583708E+00 0.91360376E+00 0.96285933E+00

-0.99261033E+00-0.94245014E+00-0.79196955E+00-0.63451809E+00-0.47607822E+00-0.31740273E+00-0.15872483E+00 0.16440476E-09 0.15872483E+00 0.31740273E+00 0.47607822E+00 0.63451810E+00 0.79196956E+00 0.94245014E+00 0.99261033E+00

-0.10230940E+01-0.97190788E+00-0.81834944E+00-0.65595374E+00-0.49220530E+00-0.32816569E+00-0.16410201E+00 0.20621731E-09 0.16410201E+00 0.32816569E+00 0.49220531E+00 0.65595375E+00 0.81834945E+00 0.97190788E+00 0.10230940E+01

-0.10543234E+01-0.10019854E+01-0.84497143E+00-0.67753988E+00-0.50843852E+00-0.33899663E+00-0.16951437E+00 0.23706679E-09 0.16951437E+00 0.33899663E+00 0.50843852E+00 0.67753989E+00 0.84497144E+00 0.10019854E+01 0.10543234E+01

-0.10863138E+01-0.10326909E+01-0.87182224E+00-0.69924544E+00-0.52474999E+00-0.34987670E+00-0.17495213E+00 0.25588534E-09 0.17495214E+00 0.34987670E+00 0.52474999E+00 0.69924545E+00 0.87182224E+00 0.10326909E+01 0.10863138E+01

-0.11190828E+01-0.10640323E+01-0.89888056E+00-0.72103695E+00-0.54111106E+00-0.36078657E+00-0.18040541E+00 0.26260566E-09 0.18040541E+00 0.36078657E+00 0.54111106E+00 0.72103696E+00 0.89888057E+00 0.10640323E+01 0.11190828E+01

-0.11526506E+01-0.10960171E+01-0.92611659E+00-0.74287824E+00-0.55749238E+00-0.37170662E+00-0.18586427E+00 0.25799888E-09 0.18586427E+00 0.37170663E+00 0.55749239E+00 0.74287824E+00 0.92611659E+00 0.10960171E+01 0.11526506E+01

-0.11870399E+01-0.11286526E+01-0.95349102E+00-0.76473028E+00-0.57386406E+00-0.38261707E+00-0.19131883E+00 0.24345647E-09 0.19131883E+00 0.38261707E+00 0.57386406E+00 0.76473028E+00 0.95349102E+00 0.11286526E+01 0.11870399E+01

-0.12222765E+01-0.11619458E+01-0.98095368E+00-0.78655127E+00-0.59019586E+00-0.39349813E+00-0.19675935E+00 0.22074049E-09 0.19675935E+00 0.39349813E+00 0.59019587E+00 0.78655128E+00 0.98095369E+00 0.11619458E+01 0.12222765E+01

-0.12583909E+01-0.11959036E+01-0.10084417E+01-0.80829692E+00-0.60645752E+00-0.40433019E+00-0.20217628E+00 0.19172763E-09 0.20217628E+00 0.40433020E+00 0.60645752E+00 0.80829692E+00 0.10084417E+01 0.11959036E+01 0.12583909E+01

-0.12954196E+01-0.12305339E+01-0.10358768E+01-0.82992110E+00-0.62261909E+00-0.41509399E+00-0.20756036E+00 0.15817196E-09 0.20756036E+00 0.41509399E+00 0.62261909E+00 0.82992110E+00 0.10358768E+01 0.12305339E+01 0.12954196E+01

-0.13334079E+01-0.12658466E+01-0.10631628E+01-0.85137701E+00-0.63865134E+00-0.42577072E+00-0.21290276E+00 0.12150817E-09 0.21290276E+00 0.42577072E+00 0.63865134E+00 0.85137701E+00 0.10631628E+01 0.12658466E+01 0.13334079E+01

-0.13724144E+01-0.13018562E+01-0.10901815E+01-0.87261897E+00-0.65452624E+00-0.43634219E+00-0.21819515E+00 0.82712692E-10 0.21819515E+00 0.43634219E+00 0.65452625E+00 0.87261897E+00 0.10901815E+01 0.13018562E+01 0.13724145E+01

-0.14125193E+01-0.13385866E+01-0.11167886E+01-0.89360510E+00-0.67021733E+00-0.44679088E+00-0.22342986E+00 0.42234415E-10 0.22342986E+00 0.44679088E+00 0.67021733E+00 0.89360510E+00 0.11167886E+01 0.13385866E+01 0.14125193E+01

-0.16000000E+01-0.13714000E+01-0.11429000E+01-0.91430000E+00-0.68570000E+00-0.45710000E+00-0.22860000E+00 0.00000000E+00 0.22860000E+00 0.45710000E+00 0.68570000E+00 0.91430000E+00 0.11429000E+01 0.13714000E+01 0.16000000E+01

