 TemperaturaR =
  0.0000000E+00     317.151546808873     
   1.000000         635.793170051641     
   2.000000         929.168944771306     
   3.000000         1197.85258702182     
   4.000000         1442.38671247622     
   5.000000         1663.28471313820     
   6.000000         1861.03334731152     
   7.000000         2036.09394866446     
   8.000000         2188.90457024691     
   9.000000         2319.88135201072     
   10.00000         2429.42037379342     
   11.00000         2517.89822571859     
   12.00000         2585.67399602892     
   13.00000         2633.08980432779     
   14.00000         2660.47187493346     
   15.00000         2668.13153644966     
   16.00000         2656.36637681178     
   17.00000         2625.46098722868     
   18.00000         2575.68746993597     
   19.00000         2507.30651528788     
   20.00000         2420.56773914895     
   21.00000         2315.71023373710     
   22.00000         2192.96328522675     
   23.00000         2052.54720297203     
   24.00000         1894.67296278671     
   25.00000         1719.54360606461     
   26.00000         1527.35450132079     
   27.00000         1318.29309787676     
   28.00000         1092.54003890037     
   29.00000         850.268842460722     
   30.00000         591.646851835188     
   31.00000         316.835235595703     
