 temperaturas =
       
   358.152   360.040   355.811   376.224   455.659   556.021   640.665   698.170   737.049   762.173   777.867   787.407   793.078   796.381   798.270   799.329   799.911   800.223   800.385   800.467   800.507   800.528   800.541   771.195   690.934   587.022   487.498   437.986   404.815   385.236   378.852   376.170

   370.826   362.857   368.726   409.715   482.651   562.153   634.126   688.185   727.301   754.198   771.969   783.338   790.420   794.731   797.301   798.804   799.666   800.149   800.414   800.555   800.628   800.666   784.622   736.321   661.158   579.564   502.248   453.865   419.694   399.319   393.728   406.514

   370.747   362.803   375.384   420.343   489.906   566.499   636.257   689.609   728.716   755.662   773.353   784.528   791.367   795.441   797.810   799.156   799.902   800.303   800.510   800.608   800.648   800.654   778.288   725.707   653.189   577.553   508.239   458.799   423.303   402.026   396.385   409.893

   370.319   362.477   376.340   421.076   489.828   566.601   636.532   689.809   728.883   755.763   773.370   784.473   791.263   795.309   797.665   799.007   799.751   800.150   800.352   800.445   800.476   800.474   776.145   722.672   651.213   577.575   510.696   460.600   424.524   402.841   396.992   410.498

   369.815   362.079   375.336   419.013   487.462   564.921   635.675   689.257   728.550   755.559   773.234   784.365   791.161   795.203   797.550   798.881   799.614   800.004   800.199   800.285   800.314   800.312   775.206   721.550   650.657   577.898   511.812   461.400   425.064   403.198   397.246   410.734

   369.354   361.699   373.898   416.403   484.624   562.761   634.523   688.575   728.174   755.354   773.109   784.269   791.068   795.103   797.441   798.763   799.491   799.878   800.072   800.161   800.193   800.196   774.735   721.055   650.476   578.150   512.373   461.798   425.331   403.372   397.367   410.844

   368.967   361.368   372.464   413.841   481.817   560.527   633.324   687.871   727.781   755.133   772.972   784.166   790.975   795.011   797.346   798.667   799.395   799.784   799.982   800.076   800.113   800.121   774.493   720.827   650.425   578.321   512.675   462.011   425.473   403.463   397.427   410.897

   368.655   361.093   371.153   411.474   479.161   558.329   632.141   687.165   727.378   754.901   772.826   784.061   790.888   794.931   797.270   798.594   799.325   799.718   799.920   800.018   800.060   800.072   774.368   720.728   650.428   578.441   512.848   462.131   425.552   403.512   397.458   410.921

   368.411   360.870   369.991   409.327   476.677   556.195   630.996   686.472   726.975   754.665   772.681   783.960   790.809   794.863   797.209   798.537   799.273   799.670   799.876   799.978   800.024   800.041   774.307   720.695   650.457   578.528   512.950   462.200   425.596   403.538   397.473   410.931

   368.222   360.692   368.975   407.390   474.360   554.137   629.899   685.804   726.584   754.437   772.541   783.867   790.740   794.806   797.159   798.493   799.233   799.634   799.845   799.950   800.000   800.019   774.281   720.697   650.496   578.595   513.012   462.241   425.620   403.551   397.478   410.932

   368.080   360.553   368.092   405.644   472.200   552.159   628.859   685.168   726.212   754.221   772.411   783.782   790.679   794.758   797.119   798.459   799.203   799.607   799.821   799.930   799.982   800.004   774.275   720.719   650.540   578.649   513.049   462.263   425.632   403.556   397.478   410.928

   367.975   360.446   367.326   404.068   470.187   550.264   627.879   684.572   725.865   754.020   772.291   783.706   790.626   794.718   797.086   798.431   799.179   799.587   799.803   799.914   799.969   799.994   774.282   720.751   650.586   578.692   513.071   462.275   425.637   403.556   397.475   410.921

   367.899   360.365   366.660   402.643   468.311   548.456   626.961   684.017   725.544   753.837   772.184   783.639   790.580   794.683   797.059   798.408   799.159   799.570   799.789   799.903   799.959   799.986   774.296   720.789   650.631   578.728   513.082   462.279   425.637   403.554   397.469   410.913

   367.847   360.306   366.081   401.353   466.563   546.736   626.105   683.504   725.250   753.670   772.087   783.579   790.540   794.654   797.036   798.389   799.144   799.557   799.778   799.893   799.952   799.980   774.314   720.829   650.675   578.759   513.086   462.279   425.634   403.549   397.463   410.903

   367.814   360.264   365.576   400.182   464.937   545.104   625.309   683.031   724.982   753.520   772.001   783.527   790.506   794.629   797.017   798.373   799.131   799.546   799.769   799.886   799.946   799.975   774.334   720.870   650.716   578.785   513.086   462.276   425.630   403.544   397.456   410.893

   367.795   360.235   365.135   399.118   463.426   543.563   624.573   682.599   724.740   753.387   771.926   783.482   790.476   794.608   797.000   798.360   799.120   799.537   799.762   799.880   799.941   799.972   774.355   720.910   650.756   578.808   513.083   462.270   425.624   403.538   397.449   410.883

   367.786   360.217   364.749   398.151   462.025   542.113   623.894   682.205   724.522   753.268   771.860   783.443   790.451   794.591   796.987   798.349   799.111   799.530   799.756   799.876   799.938   799.969   774.377   720.949   650.793   578.828   513.078   462.264   425.617   403.532   397.442   410.873

   367.786   360.207   364.409   397.273   460.729   540.755   623.272   681.848   724.326   753.163   771.802   783.410   790.430   794.576   796.976   798.340   799.104   799.524   799.751   799.872   799.935   799.967   774.398   720.986   650.827   578.846   513.072   462.257   425.611   403.525   397.435   410.864

   367.791   360.203   364.110   396.475   459.534   539.490   622.703   681.525   724.152   753.070   771.752   783.381   790.412   794.563   796.966   798.333   799.097   799.519   799.747   799.869   799.932   799.965   774.418   721.021   650.859   578.862   513.065   462.249   425.604   403.519   397.428   410.855

   367.799   360.202   363.847   395.752   458.438   538.320   622.187   681.236   723.998   752.989   771.709   783.357   790.397   794.553   796.958   798.326   799.092   799.514   799.744   799.866   799.930   799.964   774.437   721.054   650.888   578.876   513.058   462.242   425.597   403.513   397.422   410.847

   367.809   360.204   363.614   395.099   457.437   537.245   621.721   680.977   723.861   752.919   771.672   783.336   790.384   794.544   796.951   798.321   799.088   799.511   799.741   799.864   799.929   799.963   774.455   721.084   650.915   578.888   513.051   462.235   425.591   403.508   397.416   410.839

   367.819   360.207   363.408   394.511   456.529   536.265   621.303   680.748   723.742   752.858   771.641   783.319   790.374   794.537   796.946   798.316   799.084   799.508   799.738   799.862   799.928   799.962   774.471   721.112   650.939   578.898   513.043   462.228   425.585   403.502   397.411   410.833

   367.828   360.210   363.227   393.984   455.711   535.382   620.931   680.546   723.638   752.806   771.614   783.305   790.365   794.531   796.941   798.313   799.081   799.506   799.737   799.861   799.927   799.961   774.487   721.137   650.961   578.908   513.037   462.222   425.579   403.498   397.406   410.826

   367.834   360.211   363.066   393.516   454.983   534.596   620.603   680.370   723.548   752.761   771.592   783.293   790.358   794.526   796.937   798.310   799.079   799.503   799.735   799.859   799.926   799.961   774.500   721.159   650.980   578.916   513.031   462.216   425.574   403.493   397.402   410.821

   367.837   360.211   362.925   393.103   454.342   533.906   620.318   680.218   723.471   752.724   771.573   783.283   790.352   794.521   796.934   798.307   799.077   799.502   799.734   799.858   799.925   799.960   774.512   721.179   650.997   578.922   513.025   462.210   425.570   403.489   397.398   410.816

   367.836   360.208   362.801   392.743   453.787   533.315   620.075   680.089   723.407   752.692   771.558   783.275   790.347   794.518   796.932   798.305   799.075   799.500   799.733   799.858   799.924   799.960   774.523   721.196   651.011   578.928   513.020   462.206   425.566   403.486   397.395   410.811

   367.831   360.201   362.693   392.434   453.317   532.821   619.871   679.982   723.354   752.666   771.545   783.268   790.343   794.515   796.929   798.303   799.073   799.499   799.732   799.857   799.924   799.960   774.532   721.211   651.023   578.933   513.015   462.201   425.562   403.483   397.392   410.808

   367.821   360.192   362.599   392.174   452.931   532.424   619.706   679.896   723.311   752.646   771.535   783.263   790.339   794.513   796.928   798.302   799.072   799.498   799.731   799.857   799.924   799.960   774.540   721.223   651.033   578.936   513.011   462.198   425.560   403.481   397.389   410.805

   367.806   360.179   362.520   391.963   452.628   532.126   619.579   679.830   723.278   752.630   771.527   783.258   790.337   794.511   796.926   798.301   799.072   799.498   799.731   799.856   799.923   799.960   774.546   721.232   651.041   578.939   513.008   462.195   425.557   403.479   397.388   410.803

   367.786   360.162   362.453   391.799   452.407   531.925   619.489   679.784   723.255   752.618   771.521   783.255   790.335   794.510   796.925   798.300   799.071   799.497   799.730   799.856   799.923   799.960   774.550   721.239   651.046   578.940   513.006   462.193   425.556   403.478   397.386   410.801

   367.761   360.141   362.399   391.681   452.268   531.821   619.436   679.756   723.241   752.611   771.517   783.253   790.333   794.509   796.925   798.300   799.071   799.497   799.730   799.856   799.923   799.959   774.553   721.243   651.049   578.941   513.004   462.192   425.555   403.477   397.386   410.800

   367.732   360.117   362.357   391.610   452.211   531.816   619.418   679.747   723.236   752.607   771.515   783.251   790.332   794.508   796.924   798.299   799.070   799.497   799.730   799.856   799.923   799.959   774.554   721.244   651.049   578.940   513.003   462.191   425.554   403.477   397.385   410.800

   367.698   360.090   362.327   391.585   452.236   531.907   619.437   679.757   723.240   752.608   771.514   783.250   790.332   794.508   796.924   798.299   799.070   799.497   799.730   799.856   799.923   799.960   774.554   721.243   651.047   578.939   513.003   462.191   425.554   403.477   397.386   410.800

   367.659   360.059   362.310   391.606   452.342   532.096   619.493   679.785   723.253   752.613   771.516   783.250   790.332   794.508   796.924   798.299   799.071   799.497   799.730   799.856   799.923   799.960   774.552   721.239   651.043   578.936   513.003   462.192   425.555   403.478   397.387   410.802

   367.618   360.026   362.305   391.673   452.530   532.381   619.585   679.833   723.275   752.622   771.519   783.252   790.332   794.508   796.925   798.300   799.071   799.498   799.731   799.856   799.924   799.960   774.549   721.233   651.037   578.933   513.005   462.193   425.556   403.479   397.388   410.803

   367.574   359.990   362.313   391.788   452.801   532.762   619.715   679.901   723.307   752.637   771.525   783.254   790.333   794.509   796.925   798.301   799.072   799.499   799.731   799.857   799.924   799.960   774.544   721.224   651.028   578.928   513.007   462.195   425.558   403.481   397.390   410.806

   367.527   359.953   362.335   391.951   453.156   533.240   619.883   679.990   723.350   752.656   771.533   783.258   790.335   794.510   796.927   798.302   799.073   799.500   799.732   799.858   799.925   799.960   774.537   721.212   651.017   578.922   513.009   462.198   425.561   403.483   397.392   410.809

   367.479   359.914   362.371   392.163   453.594   533.813   620.091   680.100   723.404   752.681   771.544   783.263   790.338   794.512   796.928   798.304   799.075   799.501   799.733   799.858   799.925   799.961   774.529   721.198   651.004   578.915   513.012   462.201   425.564   403.486   397.395   410.813

   367.431   359.875   362.424   392.427   454.117   534.480   620.340   680.233   723.470   752.712   771.558   783.270   790.342   794.515   796.931   798.306   799.076   799.502   799.734   799.859   799.926   799.961   774.520   721.181   650.988   578.908   513.016   462.205   425.568   403.489   397.399   410.817

   367.383   359.837   362.493   392.744   454.727   535.242   620.631   680.390   723.549   752.749   771.576   783.278   790.347   794.518   796.933   798.308   799.079   799.504   799.736   799.861   799.927   799.962   774.509   721.162   650.970   578.898   513.020   462.210   425.572   403.493   397.402   410.822

   367.336   359.800   362.582   393.116   455.425   536.097   620.966   680.572   723.642   752.795   771.599   783.290   790.353   794.523   796.937   798.311   799.081   799.506   799.738   799.862   799.928   799.962   774.496   721.139   650.949   578.888   513.025   462.215   425.576   403.497   397.407   410.828

   367.292   359.765   362.692   393.547   456.213   537.044   621.347   680.782   723.751   752.849   771.626   783.304   790.362   794.529   796.942   798.315   799.085   799.509   799.740   799.864   799.929   799.963   774.482   721.114   650.926   578.876   513.030   462.220   425.581   403.501   397.412   410.835

   367.251   359.733   362.826   394.041   457.094   538.083   621.777   681.021   723.876   752.913   771.658   783.322   790.373   794.536   796.947   798.320   799.089   799.513   799.743   799.866   799.931   799.964   774.467   721.087   650.900   578.863   513.035   462.226   425.586   403.506   397.417   410.842

   367.215   359.706   362.986   394.601   458.069   539.213   622.256   681.291   724.020   752.988   771.697   783.343   790.386   794.545   796.954   798.325   799.093   799.517   799.746   799.869   799.933   799.966   774.450   721.057   650.871   578.847   513.040   462.232   425.592   403.511   397.422   410.849

   367.186   359.685   363.177   395.232   459.142   540.433   622.788   681.595   724.184   753.074   771.743   783.369   790.402   794.556   796.963   798.332   799.099   799.521   799.750   799.872   799.935   799.967   774.432   721.024   650.840   578.830   513.045   462.238   425.598   403.517   397.428   410.857

   367.164   359.671   363.402   395.942   460.318   541.742   623.375   681.934   724.370   753.174   771.797   783.400   790.421   794.570   796.973   798.341   799.106   799.527   799.755   799.875   799.938   799.970   774.413   720.989   650.806   578.811   513.050   462.243   425.603   403.522   397.435   410.866

   367.152   359.667   363.667   396.736   461.600   543.139   624.018   682.311   724.580   753.289   771.860   783.437   790.444   794.586   796.985   798.350   799.114   799.534   799.760   799.880   799.942   799.972   774.393   720.951   650.769   578.790   513.053   462.248   425.609   403.528   397.441   410.874

   367.152   359.674   363.979   397.625   462.995   544.624   624.722   682.728   724.816   753.419   771.934   783.480   790.471   794.605   797.000   798.362   799.124   799.542   799.767   799.886   799.946   799.976   774.373   720.912   650.729   578.766   513.055   462.252   425.614   403.533   397.447   410.883

   367.165   359.695   364.344   398.617   464.509   546.197   625.489   683.188   725.079   753.567   772.018   783.530   790.504   794.628   797.018   798.376   799.136   799.552   799.775   799.892   799.952   799.980   774.353   720.871   650.687   578.738   513.054   462.255   425.617   403.537   397.453   410.892

   367.196   359.733   364.772   399.727   466.149   547.858   626.321   683.694   725.372   753.734   772.114   783.588   790.542   794.655   797.038   798.393   799.150   799.564   799.785   799.901   799.959   799.986   774.333   720.829   650.642   578.706   513.050   462.254   425.619   403.541   397.458   410.899

   367.247   359.790   365.274   400.970   467.927   549.608   627.222   684.248   725.697   753.921   772.224   783.656   790.587   794.687   797.063   798.413   799.167   799.578   799.798   799.911   799.968   799.993   774.315   720.786   650.594   578.669   513.040   462.250   425.618   403.542   397.462   410.906

   367.322   359.872   365.863   402.362   469.853   551.448   628.194   684.852   726.055   754.130   772.348   783.733   790.638   794.725   797.092   798.438   799.187   799.596   799.813   799.925   799.979   800.003   774.301   720.746   650.544   578.625   513.022   462.240   425.613   403.541   397.464   410.910

   367.428   359.981   366.554   403.927   471.942   553.380   629.240   685.508   726.448   754.362   772.487   783.820   790.697   794.769   797.127   798.467   799.212   799.618   799.832   799.941   799.994   800.016   774.292   720.709   650.492   578.573   512.992   462.220   425.602   403.535   397.462   410.911

   367.570   360.123   367.366   405.689   474.207   555.406   630.363   686.218   726.877   754.616   772.640   783.918   790.765   794.820   797.168   798.502   799.243   799.645   799.856   799.963   800.013   800.033   774.293   720.679   650.440   578.508   512.943   462.186   425.580   403.522   397.454   410.904

   367.759   360.306   368.320   407.674   476.664   557.526   631.563   686.981   727.339   754.893   772.809   784.027   790.842   794.878   797.217   798.544   799.280   799.679   799.887   799.991   800.038   800.056   774.309   720.664   650.389   578.426   512.864   462.129   425.541   403.496   397.436   410.887

   368.005   360.535   369.438   409.910   479.322   559.735   632.837   687.792   727.831   755.187   772.990   784.146   790.927   794.946   797.275   798.595   799.327   799.722   799.927   800.028   800.073   800.088   774.350   720.674   650.343   578.316   512.737   462.034   425.474   403.450   397.402   410.852

   368.321   360.820   370.741   412.412   482.179   562.018   634.173   688.638   728.342   755.493   773.179   784.272   791.020   795.023   797.342   798.657   799.385   799.777   799.980   800.078   800.120   800.133   774.434   720.729   650.311   578.164   512.524   461.872   425.357   403.368   397.338   410.783

   368.723   361.168   372.237   415.173   485.200   564.338   635.543   689.496   728.854   755.795   773.365   784.399   791.119   795.107   797.421   798.732   799.459   799.848   800.049   800.145   800.185   800.196   774.592   720.869   650.311   577.939   512.156   461.588   425.148   403.218   397.219   410.654

   369.218   361.579   373.904   418.120   488.284   566.609   636.886   690.316   729.329   756.069   773.533   784.516   791.216   795.197   797.510   798.822   799.549   799.940   800.140   800.236   800.275   800.285   774.878   721.175   650.387   577.596   511.490   461.067   424.763   402.937   396.994   410.412

   369.786   362.019   375.656   420.951   491.264   568.527   637.974   690.919   729.637   756.234   773.641   784.607   791.305   795.293   797.611   798.929   799.660   800.053   800.256   800.352   800.392   800.401   775.397   721.834   650.587   577.430   510.183   460.038   423.997   402.378   396.551   409.945

   370.223   362.218   376.319   424.702   493.756   569.697   638.683   691.291   730.040   756.697   774.100   785.014   791.645   795.569   797.837   799.118   799.824   800.201   800.392   800.481   800.516   800.521   776.441   722.554   652.955   576.888   506.213   457.020   421.772   400.776   395.331   408.705

   368.978   360.831   383.743   421.223   488.016   567.005   640.395   695.003   734.880   761.368   777.929   787.857   793.622   796.883   798.684   799.653   800.158   800.408   800.522   800.563   800.568   800.558   774.063   730.187   657.821   582.559   495.436   447.584   414.261   395.288   391.576   405.491

   355.374   357.271   345.850   400.215   458.300   561.910   653.028   713.196   752.349   775.214   787.732   794.282   797.588   799.201   799.956   800.290   800.422   800.461   800.459   800.441   800.417   800.329   808.620   759.372   698.106   585.578   477.513   426.749   394.020   376.082   371.293   356.716

